1:
 ([6, 2, 4, 8, 1, 3, 7, 5], -28.86, [[-1, 6, 2, 4, 8, 1, 3, 7, 5, -1]], [75], [8])
 [-54.4, -53.23, -50.71, -47.45, -46.96, -40.38, -38.85, -28.86]

2:
 ([6, 2, 3, 5, 7, 4, 8, 1], -29.48, [[-1, 6, 2, 3, 5, 7, 4, 8, 1, -1]], [75], [3])
 [-72.91, -49.11, -47.28, -32.63, -32.16, -29.97, -29.84, -29.48]

3:
 ([8, 6, 2, 4, 7, 5, 1, 3], -27.61, [[0, 8, 6, 2, 4, 7, 5, 1, 3, 0]], [75], [9])
 [-46.84, -40.67, -37.93, -34.7, -27.61]

4:
 ([7, 4, 8, 6, 2, 3, 1, 5], -28.12, [[-1, 7, 4, 8, 6, 2, 3, 1, 5, -1]], [75], [9])
 [-56.92, -51.46, -48.96, -46.04, -39.83, -34.7, -33.31, -28.12]

5:
 ([6, 8, 1, 5, 4, 2, 3, 7], -30.99, [[-1, 6, 8, 1, 5, 4, 2, 3, 7, -1]], [75], [0])
 [-46.88, -45.58, -44.71, -36.86, -30.99]

6:
 ([1, 6, 8, 4, 2, 3, 7, 5], -29.73, [[-1, 1, 6, 8, 4, 2, 3, 7, 5, -1]], [75], [2])
 [-43.45, -40.02, -39.33, -30.01, -29.73]

7:
 ([5, 7, 3, 1, 8, 4, 2, 6], -28.86, [[-1, 5, 7, 3, 1, 8, 4, 2, 6, -1]], [75], [0])
 [-59.91, -51.93, -47.44, -43.31, -34.17, -28.86]

8:
 ([6, 8, 3, 7, 4, 2, 1, 5], -33.03, [[-1, 6, 8, 3, 7, 4, 2, 1, 5, -1]], [75], [5])
 [-42.19, -37.77, -34.0, -33.03]

9:
 ([6, 8, 4, 7, 2, 3, 1, 5], -29.23, [[-1, 6, 8, 4, 7, 2, 3, 1, 5, -1]], [75], [9])
 [-59.49, -43.21, -43.07, -41.9, -39.0, -38.06, -34.7, -33.71, -29.23]

10:
 ([7, 5, 3, 1, 8, 4, 2, 6], -29.43, [[-1, 7, 5, 3, 1, 8, 4, 2, 6, -1]], [75], [1])
 [-51.64, -48.4, -39.02, -38.65, -29.43]

11:
 ([5, 1, 3, 2, 6, 8, 4, 7], -29.32, [[-1, 5, -1], [-1, 1, 3, 2, 6, 8, 4, 7, -1]], [40, 75], [0, 0])
 [-36.4, -33.9, -31.88, -29.32]

12:
 ([1, 5, 7, 4, 8, 6, 3, 2], -28.61, [[-1, 1, 5, 7, 4, 8, 6, -1], [0, 3, 2, 0]], [50, 75], [0, 2])
 [-57.97, -40.77, -38.8, -32.8, -28.61]

13:
 ([7, 5, 4, 8, 1, 3, 2, 6], -30.33, [[-1, 7, 5, 4, 8, 1, 3, 2, 6, -1]], [75], [3])
 [-37.65, -36.83, -35.85, -34.77, -32.42, -30.33]

14:
 ([5, 1, 2, 3, 7, 4, 8, 6], -28.85, [[-1, 5, 1, 2, 3, 7, 4, 8, 6, -1]], [75], [0])
 [-33.4, -33.03, -28.85]

15:
 ([5, 1, 3, 7, 4, 2, 8, 6], -28.87, [[-1, 5, 1, 3, 7, 4, 2, 8, 6, -1]], [75], [0])
 [-57.01, -54.57, -50.7, -46.46, -43.18, -41.9, -38.15, -31.54, -28.87]

16:
 ([5, 6, 8, 4, 7, 3, 2, 1], -32.71, [[-1, 5, 6, 8, 4, 7, 3, 2, 1, -1]], [75], [2])
 [-46.49, -43.56, -41.02, -36.36, -34.38, -33.8, -32.71]

17:
 ([8, 1, 5, 6, 2, 4, 7, 3], -33.62, [[0, 8, 1, 5, 6, 2, 4, 7, 3, 0]], [75], [1])
 [-51.62, -45.98, -35.33, -33.62]

18:
 ([5, 1, 6, 8, 4, 7, 3, 2], -32.03, [[-1, 5, -1], [-1, 1, 6, 8, 4, 7, 3, 2, -1]], [40, 75], [0, 0])
 [-56.09, -42.46, -37.36, -36.18, -33.66, -32.03]

19:
 ([6, 2, 4, 8, 1, 3, 5, 7], -29.43, [[-1, 6, 2, 4, 8, 1, 3, 5, 7, -1]], [75], [8])
 [-39.34, -34.7, -33.32, -33.13, -29.87, -29.43]

20:
 ([8, 6, 1, 4, 7, 5, 3, 2], -31.25, [[0, 8, 6, 1, 4, 7, 5, 3, 2, 0]], [75], [1])
 [-49.71, -43.94, -39.14, -38.1, -37.99, -35.66, -35.65, -35.09, -32.23, -31.25]

