1:
 ([8, 2, 27, 5, 19, 23, 10, 9, 1, 14, 17, 3, 24, 13, 26, 25, 20, 12, 6, 18, 21, 22, 16, 7, 15, 11, 4], -128.9, [[0, 8, 2, 27, 5, 19, 0], [0, 23, 10, 9, 1, 14, 17, 3, 24, 13, 26, 0], [-1, 25, 20, 12, -1], [-1, 6, 18, 21, 22, -1], [0, 16, 7, 15, 11, 4, 0]], [50, 75, 40, 40, 50], [6, 11, 6, 7, 4])
 [-190.55, -166.83, -161.61, -156.48, -143.05, -138.59, -133.1, -131.55, -131.2, -128.9]

2:
 ([8, 13, 26, 17, 4, 5, 12, 1, 11, 3, 27, 16, 9, 21, 22, 23, 10, 25, 7, 20, 6, 18, 14, 19, 24, 15, 2], -118.91, [[0, 8, 13, 0], [-1, 26, 17, 4, 5, 12, 1, 11, 3, 27, 16, 9, 21, 22, -1], [0, 23, 10, 25, 7, 20, 0], [-1, 6, 18, 14, 19, -1], [0, 24, 0], [-1, 15, 2, -1]], [75, 75, 75, 40, 50, 40], [10, 12, 9, 7, 0, 0])
 [-162.33, -151.17, -151.03, -145.08, -134.12, -133.06, -128.13, -118.91]

3:
 ([6, 4, 27, 24, 18, 23, 11, 7, 22, 25, 12, 20, 21, 1, 13, 19, 10, 9, 16, 15, 8, 5, 26, 3, 14, 17, 2], -115.57, [[-1, 6, 4, 27, 24, 18, 23, 11, 7, 22, 25, -1], [-1, 12, 20, 21, 1, 13, 19, 10, 9, -1], [0, 16, 15, 8, 5, 26, 3, 14, 17, 2, 0]], [75, 75, 75], [11, 12, 2])
 [-164.37, -160.71, -158.44, -153.9, -152.48, -149.09, -141.34, -137.32, -136.09, -127.92, -126.08, -115.57]

4:
 ([25, 7, 27, 8, 4, 2, 15, 26, 16, 5, 19, 17, 12, 20, 21, 9, 13, 3, 10, 6, 11, 1, 14, 24, 18, 23, 22], -116.49, [[-1, 25, 7, 27, 8, -1], [0, 4, 2, 15, 26, 16, 5, 19, 17, 12, 20, 21, 9, 13, 3, 10, 0], [-1, 6, 11, 1, 14, 24, 18, -1], [0, 23, 22, 0]], [75, 75, 50, 75], [11, 9, 7, 5])
 [-167.58, -149.47, -144.02, -142.75, -136.31, -132.65, -131.57, -129.66, -116.49]

5:
 ([10, 27, 15, 12, 20, 4, 22, 26, 11, 18, 1, 17, 23, 6, 9, 21, 5, 3, 14, 25, 7, 2, 8, 16, 13, 19, 24], -127.15, [[0, 10, 27, 15, 12, 20, 4, 0], [-1, 22, -1], [-1, 26, 11, 18, 1, 17, 23, 6, 9, 21, 5, 3, 14, 25, 7, 2, -1], [0, 8, 16, 13, 19, 24, 0]], [75, 40, 75, 75], [8, 7, 8, 11])
 [-179.97, -143.74, -140.22, -135.46, -135.02, -127.15]

6:
 ([27, 17, 23, 2, 4, 1, 24, 11, 9, 22, 7, 25, 20, 26, 15, 3, 18, 14, 13, 21, 8, 10, 16, 19, 6, 12, 5], -128.49, [[-1, 27, 17, 23, 2, 4, 1, 24, 11, 9, 22, 7, -1], [-1, 25, 20, 26, 15, 3, 18, 14, 13, 21, 8, -1], [0, 10, 16, 19, 6, 12, 5, 0]], [75, 75, 75], [8, 12, 8])
 [-158.72, -147.14, -146.21, -145.72, -145.66, -143.77, -135.12, -134.11, -130.21, -128.49]

7:
 ([4, 5, 20, 19, 25, 15, 16, 23, 22, 6, 12, 10, 17, 26, 8, 13, 18, 3, 11, 7, 21, 9, 1, 27, 24, 14, 2], -126.09, [[0, 4, 5, 20, 19, 25, 15, 16, 23, 22, 6, 0], [-1, 12, 10, 17, 26, -1], [0, 8, 13, 18, 3, 11, 7, 21, 9, 1, 27, 24, 14, 2, 0]], [75, 75, 75], [6, 11, 10])
 [-186.27, -160.15, -151.95, -141.37, -133.42, -127.08, -126.09]

8:
 ([5, 26, 25, 3, 2, 7, 16, 15, 9, 10, 12, 21, 4, 11, 1, 13, 18, 6, 8, 20, 23, 22, 17, 27, 24, 14, 19], -118.27, [[-1, 5, 26, 25, 3, 2, 7, 16, 15, 9, 10, -1], [-1, 12, 21, 4, 11, 1, 13, 18, 6, -1], [0, 8, 20, 23, 22, 17, 27, 24, 14, 19, 0]], [75, 75, 75], [9, 12, 9])
 [-145.59, -143.66, -139.99, -139.37, -131.94, -128.57, -121.5, -118.27]

9:
 ([1, 14, 17, 6, 19, 12, 16, 4, 5, 23, 10, 21, 13, 26, 11, 20, 3, 15, 2, 9, 22, 25, 18, 8, 24, 27, 7], -113.39, [[0, 1, 14, 17, 6, 19, 12, 16, 0], [0, 4, 5, 23, 10, 21, 13, 0], [-1, 26, 11, 20, 3, 15, 2, 9, 22, 25, 18, -1], [0, 8, 24, 27, 7, 0]], [50, 75, 75, 75], [7, 6, 11, 3])
 [-162.21, -151.26, -146.32, -138.85, -138.55, -136.16, -129.35, -124.63, -113.39]

10:
 ([24, 27, 7, 3, 20, 23, 21, 22, 17, 13, 19, 10, 14, 26, 6, 11, 25, 16, 4, 8, 5, 1, 12, 9, 18, 15, 2], -125.43, [[0, 24, 27, 7, 3, 20, 23, 21, 22, 17, 13, 19, 0], [0, 10, 14, 26, 0], [-1, 6, 11, 25, 16, -1], [0, 4, 8, 5, 1, 12, 9, 18, 15, 2, 0]], [75, 75, 40, 75], [2, 15, 6, 9])
 [-192.28, -182.1, -163.17, -158.48, -153.11, -149.4, -145.4, -143.75, -135.54, -134.38, -131.63, -125.43]

11:
 ([19, 6, 13, 1, 8, 11, 3, 26, 27, 16, 25, 15, 7, 10, 21, 9, 22, 5, 23, 20, 14, 18, 24, 17, 4, 2, 12], -123.15, [[0, 19, 6, 13, 1, 0], [0, 8, 11, 3, 26, 27, 0], [0, 16, 25, 15, 7, 10, 21, 9, 22, 0], [-1, 5, 23, 20, 14, 18, 24, 17, 4, 2, 12, -1]], [75, 50, 75, 75], [9, 6, 13, 0])
 [-169.18, -166.51, -166.47, -165.54, -160.73, -155.8, -140.96, -126.28, -123.15]

12:
 ([5, 4, 8, 21, 9, 10, 12, 6, 18, 16, 22, 13, 1, 11, 25, 19, 15, 3, 20, 7, 17, 23, 2, 26, 14, 27, 24], -120.78, [[-1, 5, 4, 8, 21, 9, 10, -1], [-1, 12, 6, 18, 16, 22, -1], [-2, 13, 1, 11, 25, 19, 15, 3, 20, 7, 17, 23, 2, 26, 14, -2], [-1, 27, 24, -1]], [75, 75, 75, 75], [7, 13, 9, 2])
 [-196.23, -174.23, -173.56, -157.15, -145.79, -140.45, -132.84, -125.67, -125.05, -120.78]

13:
 ([21, 8, 24, 2, 15, 11, 26, 10, 23, 16, 5, 19, 12, 27, 6, 18, 22, 25, 17, 13, 1, 14, 3, 9, 4, 7, 20], -121.71, [[-2, 21, 8, 24, 2, 15, 11, 26, 10, 23, 16, -2], [-1, 5, 19, 12, 27, 6, 18, -1], [-1, 22, -1], [-1, 25, 17, 13, 1, 14, 3, 9, -1], [0, 4, 7, 20, 0]], [75, 75, 40, 75, 75], [0, 1, 7, 13, 8])
 [-162.94, -154.25, -144.16, -139.15, -135.7, -135.33, -129.74, -128.95, -121.71]

14:
 ([5, 3, 18, 7, 19, 9, 10, 17, 4, 21, 15, 13, 26, 1, 23, 2, 16, 8, 11, 25, 12, 20, 14, 24, 27, 6, 22], -128.36, [[-1, 5, -1], [-2, 3, 18, 7, 19, 9, 10, 17, 4, 21, 15, 13, -2], [-1, 26, 1, 23, 2, 16, 8, 11, 25, -1], [-1, 12, 20, 14, 24, 27, 6, -1], [-1, 22, -1]], [40, 75, 75, 50, 75], [0, 4, 12, 7, 7])
 [-155.1, -154.82, -144.42, -138.15, -137.56, -129.56, -128.36]

15:
 ([17, 12, 20, 23, 25, 22, 4, 5, 19, 6, 26, 18, 8, 21, 13, 15, 16, 9, 10, 7, 24, 11, 27, 1, 14, 2, 3], -123.17, [[0, 17, 12, 20, 23, 25, 0], [-1, 22, 4, 5, 19, 6, -1], [-1, 26, 18, -1], [0, 8, 21, 13, 15, 16, 9, 10, 7, 24, 11, 27, 1, 14, 2, 3, 0]], [40, 75, 40, 75], [2, 11, 7, 13])
 [-180.17, -174.33, -150.54, -150.18, -143.19, -140.75, -132.84, -126.57, -124.3, -123.31, -123.17]

16:
 ([4, 17, 23, 10, 27, 21, 12, 2, 15, 13, 1, 6, 14, 24, 11, 26, 7, 22, 18, 3, 19, 5, 25, 16, 9, 8, 20], -126.54, [[0, 4, 17, 23, 10, 27, 21, 12, 2, 15, 13, 1, 0], [-1, 6, 14, 24, -1], [-2, 11, 26, 7, -2], [-1, 22, 18, 3, -1], [0, 19, 5, 25, 16, 9, 8, 20, 0]], [75, 40, 75, 40, 75], [9, 8, 8, 7, 4])
 [-165.37, -156.4, -152.13, -151.23, -150.51, -137.24, -137.08, -134.39, -128.25, -126.54]

17:
 ([6, 20, 9, 15, 26, 11, 17, 4, 25, 12, 27, 19, 16, 10, 3, 23, 7, 2, 14, 5, 8, 21, 18, 13, 1, 24, 22], -119.02, [[-1, 6, 20, 9, 15, 26, 11, 17, 4, 25, -1], [-1, 12, 27, 19, 16, 10, 3, 23, 7, 2, 14, 5, 8, 21, 18, 13, 1, 24, 22, -1]], [75, 75], [13, 11])
 [-164.85, -163.81, -160.01, -154.76, -142.12, -140.5, -134.03, -133.26, -132.32, -129.69, -121.58, -119.02]

18:
 ([21, 22, 9, 14, 20, 7, 8, 4, 17, 23, 27, 1, 25, 10, 19, 24, 11, 26, 3, 16, 13, 18, 6, 12, 5, 15, 2], -125.73, [[-2, 21, 22, 9, 14, -2], [-1, 20, 7, 8, 4, 17, 23, 27, 1, -1], [-1, 25, 10, 19, 24, 11, 26, 3, 16, 13, 18, 6, -1], [-1, 12, 5, 15, 2, -1]], [75, 75, 75, 75], [11, 11, 9, 2])
 [-161.85, -157.38, -148.01, -140.24, -139.47, -138.37, -136.88, -131.52, -131.34, -130.45, -126.15, -125.73]

19:
 ([24, 14, 21, 27, 18, 1, 22, 20, 5, 26, 15, 16, 25, 6, 11, 8, 19, 10, 4, 9, 2, 23, 13, 17, 3, 7, 12], -126.72, [[0, 24, 14, 21, 27, 18, 1, 0], [-1, 22, 20, 5, 26, 15, 16, 25, -1], [-1, 6, 11, 8, 19, 10, -1], [0, 4, 9, 2, 23, 13, 17, 3, 7, 0], [-1, 12, -1]], [40, 75, 40, 75, 75], [0, 11, 6, 13, 2])
 [-168.42, -160.31, -157.99, -156.29, -146.59, -135.84, -134.31, -132.32, -126.72]

20:
 ([22, 4, 25, 6, 19, 16, 10, 23, 17, 3, 13, 18, 5, 20, 7, 9, 11, 8, 14, 15, 12, 2, 21, 26, 27, 1, 24], -128.47, [[-1, 22, -1], [0, 4, 25, 6, 19, 16, 10, 23, 17, 3, 13, 18, 0], [-1, 5, 20, 7, 9, 11, 8, 14, 15, -1], [-1, 12, 2, 21, 26, 27, 1, 24, -1]], [50, 75, 75, 75], [7, 13, 8, 10])
 [-183.78, -172.31, -152.37, -148.13, -132.96, -129.29, -128.47]

