1:
 ([3, 18, 25, 5, 13, 17, 10, 6, 26, 4, 15, 7, 24, 19, 14, 20, 11, 8, 9, 16, 27, 1, 12, 21, 2, 23, 22], -117.41, [[-2, 3, 18, 25, 5, 13, 17, 10, 6, -2], [-1, 26, 4, 15, 7, 24, 19, 14, 20, 11, 8, 9, 16, 27, 1, -1], [-1, 12, 21, 2, 23, 22, -1]], [75, 75, 75], [7, 12, 5])
 [-158.1, -149.95, -142.86, -139.98, -138.25, -135.62, -130.96, -127.87, -117.41]

2:
 ([6, 9, 2, 24, 7, 12, 20, 22, 14, 1, 8, 11, 26, 3, 27, 15, 13, 21, 10, 16, 25, 18, 4, 17, 23, 19, 5], -117.93, [[-1, 6, 9, 2, 24, 7, 12, 20, -1], [-1, 22, 14, 1, -1], [0, 8, 11, 26, 3, 27, 15, 13, 21, 10, 16, 25, 18, 0], [0, 4, 17, 23, 19, 5, 0]], [75, 75, 75, 75], [8, 12, 13, 4])
 [-155.38, -145.1, -134.72, -132.58, -132.01, -117.93]

3:
 ([18, 13, 23, 6, 4, 1, 11, 26, 14, 7, 22, 9, 21, 15, 20, 5, 16, 8, 27, 12, 10, 3, 17, 25, 19, 24, 2], -121.04, [[-1, 18, 13, 23, 6, 4, -1], [0, 1, 11, 26, 14, 7, 0], [-1, 22, 9, 21, 15, 20, 5, 16, 8, 27, 12, -1], [0, 10, 3, 17, 25, 19, 24, 2, 0]], [75, 75, 75, 75], [12, 13, 10, 4])
 [-181.96, -166.59, -151.05, -141.31, -135.69, -127.41, -122.63, -121.04]

4:
 ([23, 10, 3, 21, 13, 17, 19, 6, 24, 15, 25, 26, 11, 1, 14, 8, 5, 20, 12, 7, 4, 27, 22, 9, 18, 2, 16], -124.47, [[0, 23, 10, 3, 21, 13, 17, 19, 6, 24, 15, 25, 26, 11, 1, 14, 0], [0, 8, 5, 20, 12, 7, 4, 0], [-1, 27, 22, 9, 18, 2, 16, -1]], [75, 75, 75], [2, 9, 13])
 [-172.76, -152.58, -134.84, -125.75, -124.47]

5:
 ([1, 11, 25, 20, 9, 5, 14, 21, 13, 18, 26, 7, 15, 16, 8, 22, 24, 6, 4, 17, 2, 12, 23, 19, 10, 3, 27], -124.48, [[0, 1, 11, 25, 20, 9, 0], [-1, 5, 14, 21, 13, 18, -1], [-1, 26, 7, 15, 16, 8, -1], [-1, 22, 24, 6, 4, 17, 2, 12, 23, 19, 10, 3, 27, -1]], [40, 75, 75, 75], [6, 4, 10, 9])
 [-172.78, -167.79, -163.99, -158.5, -156.53, -142.55, -142.2, -139.89, -139.03, -138.01, -137.94, -132.81, -124.48]

6:
 ([9, 27, 5, 12, 24, 19, 3, 10, 23, 1, 18, 13, 8, 21, 6, 4, 20, 15, 17, 2, 7, 22, 26, 16, 11, 14, 25], -121.08, [[-1, 9, 27, 5, 12, -1], [0, 24, 19, 3, 10, 23, 1, 18, 13, 0], [0, 8, 21, 6, 4, 0], [-1, 20, 15, 17, 2, 7, 22, -1], [-1, 26, 16, 11, 14, 25, -1]], [40, 75, 50, 75, 75], [5, 0, 8, 5, 13])
 [-151.26, -132.16, -132.09, -127.46, -127.3, -123.86, -121.08]

7:
 ([19, 8, 6, 20, 3, 7, 17, 14, 25, 26, 22, 2, 18, 1, 13, 9, 21, 23, 16, 10, 27, 4, 5, 12, 24, 11, 15], -127.73, [[0, 19, 8, 6, 20, 3, 7, 17, 14, 25, 0], [-1, 26, 22, -1], [-1, 2, 18, 1, 13, 9, 21, 23, 16, 10, 27, -1], [0, 4, 5, 12, 0], [0, 24, 11, 15, 0]], [75, 75, 75, 50, 75], [9, 14, 13, 4, 0])
 [-144.87, -144.14, -134.8, -129.41, -128.5, -127.73]

8:
 ([8, 6, 26, 7, 17, 2, 9, 1, 24, 14, 18, 19, 10, 16, 21, 13, 23, 3, 20, 15, 12, 27, 4, 22, 5, 11, 25], -124.02, [[0, 8, 6, 26, 0], [0, 7, 17, 2, 9, 1, 24, 14, 18, 19, 10, 16, 21, 13, 23, 3, 20, 15, 12, 27, 4, 0], [-1, 22, 5, 11, 25, -1]], [75, 75, 75], [14, 8, 7])
 [-185.31, -170.57, -165.93, -159.26, -147.03, -132.1, -130.51, -124.02]

9:
 ([24, 7, 15, 13, 9, 8, 20, 12, 10, 19, 5, 11, 27, 17, 23, 25, 22, 16, 4, 21, 14, 18, 3, 1, 26, 2, 6], -130.21, [[0, 24, 7, 15, 13, 9, 8, 0], [-1, 20, 12, 10, 19, 5, 11, 27, 17, 23, 25, 22, 16, -1], [0, 4, 21, 14, 18, 3, 1, 26, 2, 0], [-1, 6, -1]], [75, 75, 50, 40], [4, 7, 9, 4])
 [-152.68, -145.16, -144.78, -143.57, -142.12, -133.21, -130.21]

10:
 ([20, 13, 22, 26, 15, 12, 14, 5, 16, 8, 27, 24, 18, 25, 17, 7, 10, 1, 11, 3, 23, 2, 21, 9, 4, 19, 6], -120.16, [[-1, 20, 13, -1], [-1, 22, 26, 15, -1], [-1, 12, 14, 5, 16, 8, 27, 24, 18, 25, 17, 7, 10, 1, 11, 3, 23, 2, 21, 9, 4, 19, 6, -1]], [75, 75, 75], [8, 14, 9])
 [-158.13, -153.76, -153.34, -152.33, -131.53, -128.49, -124.72, -120.16]

11:
 ([26, 15, 20, 21, 6, 17, 4, 5, 22, 10, 24, 23, 3, 2, 9, 18, 14, 1, 13, 8, 11, 19, 12, 16, 27, 7, 25], -121.5, [[-1, 26, 15, 20, 21, 6, 17, 4, 5, 22, -1], [0, 10, 24, 23, 3, 2, 9, 18, 14, 1, 0], [-2, 13, 8, 11, 19, 12, 16, 27, 7, -2], [-1, 25, -1]], [75, 75, 75, 75], [9, 4, 13, 3])
 [-184.02, -160.37, -155.92, -152.38, -148.21, -137.78, -134.87, -128.72, -121.5]

12:
 ([21, 7, 20, 3, 22, 6, 18, 9, 24, 12, 2, 17, 10, 13, 27, 23, 11, 1, 19, 14, 26, 25, 4, 15, 5, 16, 8], -125.77, [[-2, 21, 7, 20, 3, 22, 6, 18, 9, 24, -2], [-1, 12, 2, 17, 10, 13, 27, -1], [0, 23, 11, 1, 19, 14, 26, 25, 0], [0, 4, 15, 0], [-1, 5, 16, 8, -1]], [75, 75, 75, 40, 40], [10, 14, 8, 4, 0])
 [-171.25, -148.63, -146.0, -143.4, -137.64, -136.58, -136.11, -135.49, -133.86, -131.57, -125.77]

13:
 ([12, 2, 23, 3, 20, 25, 4, 22, 5, 1, 17, 11, 9, 21, 13, 27, 16, 15, 14, 7, 24, 6, 18, 26, 19, 10, 8], -125.28, [[-1, 12, 2, 23, 3, 20, 25, -1], [0, 4, 0], [-1, 22, 5, 1, 17, 11, 9, 21, 13, 27, 16, 15, 14, 7, 24, 6, 18, -1], [-1, 26, 19, 10, -1], [0, 8, 0]], [50, 40, 75, 40, 50], [3, 4, 12, 8, 3])
 [-171.98, -171.28, -165.28, -160.77, -160.6, -133.61, -126.36, -125.28]

14:
 ([25, 1, 27, 10, 11, 24, 17, 22, 7, 15, 3, 13, 19, 6, 18, 8, 14, 20, 9, 21, 23, 26, 4, 16, 12, 5, 2], -122.25, [[-1, 25, 1, 27, 10, 11, 24, 17, 22, 7, 15, 3, 13, 19, 6, 18, 8, -1], [-2, 14, 20, 9, 21, 23, 26, -2], [0, 4, 16, 12, 5, 2, 0]], [75, 75, 75], [10, 10, 7])
 [-161.23, -157.47, -155.54, -152.38, -146.28, -131.42, -129.13, -122.25]

15:
 ([15, 25, 6, 24, 10, 19, 13, 23, 1, 7, 27, 4, 16, 5, 20, 11, 18, 26, 3, 17, 14, 2, 8, 22, 21, 9, 12], -124.94, [[-1, 15, 25, 6, 24, 10, 19, 13, 23, 1, 7, 27, -1], [0, 4, 16, 5, 20, 11, 18, 26, 3, 17, 14, 2, 0], [0, 8, 22, 21, 9, 12, 0]], [75, 50, 75], [7, 6, 12])
 [-164.23, -160.66, -159.02, -143.25, -133.67, -130.04, -124.94]

16:
 ([25, 15, 24, 23, 22, 17, 10, 18, 4, 7, 13, 6, 1, 8, 27, 21, 20, 5, 12, 19, 14, 11, 26, 16, 3, 2, 9], -117.41, [[-1, 25, 15, 24, 23, 22, 17, 10, 18, -1], [0, 4, 7, 0], [-2, 13, 6, 1, -2], [0, 8, 27, 21, 20, 5, 12, 19, 14, 11, 26, 16, 3, 2, 9, 0]], [75, 40, 75, 75], [3, 7, 12, 8])
 [-148.52, -129.56, -117.41]

17:
 ([19, 12, 3, 10, 17, 11, 14, 4, 26, 22, 25, 7, 8, 2, 6, 24, 27, 23, 16, 1, 18, 21, 15, 13, 9, 20, 5], -122.45, [[0, 19, 12, 3, 10, 17, 11, 14, 4, 0], [-1, 26, 22, -1], [-1, 25, 7, 8, 2, 6, 24, 27, -1], [0, 23, 16, 1, 18, 21, 0], [-1, 15, 13, 9, 20, 5, -1]], [50, 75, 75, 40, 75], [3, 14, 14, 0, 6])
 [-168.87, -168.82, -142.92, -140.19, -135.41, -134.17, -133.68, -132.22, -125.29, -122.45]

18:
 ([22, 2, 24, 6, 13, 8, 9, 18, 25, 20, 3, 26, 11, 4, 5, 27, 17, 1, 23, 21, 7, 15, 12, 19, 10, 16, 14], -112.9, [[-1, 22, 2, 24, 6, 13, -1], [0, 8, 9, 18, 25, 20, 3, 26, 11, 0], [0, 4, 5, 27, 17, 1, 23, 21, 7, 15, 12, 19, 10, 16, 14, 0]], [75, 75, 75], [12, 12, 4])
 [-174.6, -167.52, -162.0, -155.73, -150.05, -128.6, -123.64, -122.34, -112.9]

19:
 ([19, 27, 6, 8, 21, 13, 24, 7, 20, 25, 4, 22, 9, 2, 10, 17, 16, 5, 26, 11, 23, 18, 1, 14, 3, 12, 15], -122.49, [[0, 19, 27, 6, 8, 21, 13, 24, 7, 20, 25, 0], [0, 4, 22, 9, 0], [-1, 2, 10, 17, 16, 5, 26, 11, 23, 18, 1, 14, 3, 12, 15, -1]], [75, 75, 50], [10, 14, 7])
 [-147.54, -133.9, -130.8, -122.49]

20:
 ([17, 23, 1, 7, 15, 25, 18, 19, 6, 9, 20, 10, 24, 27, 26, 22, 14, 11, 3, 2, 16, 12, 21, 13, 5, 8, 4], -127.27, [[0, 17, 23, 1, 7, 15, 25, 18, 19, 6, 9, 20, 10, 24, 27, 0], [-1, 26, 22, -1], [-2, 14, 11, 3, 2, 16, 12, 21, 13, -2], [-1, 5, 8, 4, -1]], [75, 75, 50, 75], [6, 14, 6, 3])
 [-159.75, -156.1, -146.71, -140.95, -140.09, -139.87, -138.38, -128.69, -127.3, -127.27]

