1:
 ([2, 39, 13, 25, 41, 32, 35, 6, 27, 11, 37, 4, 16, 9, 29, 28, 31, 34, 42, 43, 26, 33, 1, 22, 12, 44, 5, 10, 30, 21, 36, 45, 23, 15, 20, 38, 19, 8, 14, 18, 7, 40, 24, 3, 17], -213.93, [[-3, 2, 39, 13, 25, 41, 32, -3], [-4, 35, 6, 27, -4], [-1, 11, 37, 4, 16, 9, 29, 28, -1], [0, 31, 0], [0, 34, 0], [-3, 42, 43, 26, 33, 1, 22, 12, -3], [-2, 44, 5, 10, 30, 21, 36, -2], [-1, 45, 23, 15, 20, 38, 19, 8, -1], [-3, 14, -3], [0, 18, 7, 40, 24, 3, 17, 0]], [75, 75, 75, 40, 40, 75, 50, 50, 50, 75], [12, 13, 11, 6, 6, 9, 2, 3, 6, 10])
 [-277.76, -259.12, -254.66, -248.92, -237.69, -226.38, -221.97, -219.27, -213.93]

2:
 ([12, 25, 15, 16, 24, 17, 44, 45, 13, 14, 3, 36, 7, 1, 11, 10, 23, 4, 31, 9, 42, 18, 8, 38, 29, 26, 37, 2, 39, 5, 33, 35, 43, 6, 30, 41, 27, 34, 22, 19, 32, 21, 20, 40, 28], -205.48, [[0, 12, 25, 15, 16, 24, 17, 44, 45, 13, 0], [-3, 14, 3, 36, 7, 1, 11, 10, 23, 4, 31, 9, -3], [-3, 42, 18, 8, 38, 29, 26, 37, 2, -3], [-4, 39, 5, 33, 35, 43, -4], [-2, 6, -2], [-3, 30, 41, 27, -3], [0, 34, 22, 19, 32, 21, 20, 40, 28, 0]], [75, 75, 75, 75, 40, 50, 75], [7, 10, 11, 13, 6, 5, 12])
 [-263.54, -258.65, -256.77, -252.03, -251.63, -246.67, -237.19, -225.16, -224.83, -224.51, -219.2, -205.48]

3:
 ([9, 2, 23, 8, 42, 36, 1, 29, 14, 39, 5, 18, 6, 19, 30, 40, 35, 10, 13, 44, 20, 12, 24, 7, 26, 22, 33, 17, 41, 3, 15, 45, 4, 27, 43, 34, 31, 28, 37, 32, 38, 11, 16, 25, 21], -193.89, [[-1, 9, -1], [-3, 2, 23, 8, 42, 36, 1, 29, 14, 39, 5, -3], [0, 18, 0], [-2, 6, 19, 30, 40, -2], [-4, 35, 10, 13, 44, 20, -4], [0, 12, 24, 7, 26, 22, 33, 17, 41, 3, 15, 45, 4, 27, 43, 0], [0, 34, 0], [0, 31, 28, 37, 0], [-3, 32, 38, 11, 16, -3], [0, 25, 21, 0]], [40, 75, 40, 75, 75, 75, 40, 75, 75, 75], [6, 11, 4, 12, 2, 4, 6, 13, 13, 6])
 [-262.3, -253.12, -237.67, -228.35, -225.47, -223.58, -223.02, -215.84, -207.63, -193.89]

4:
 ([27, 9, 21, 45, 8, 29, 2, 38, 1, 37, 22, 43, 39, 18, 25, 13, 24, 3, 36, 16, 41, 17, 15, 12, 31, 32, 26, 7, 30, 40, 23, 14, 4, 6, 34, 33, 28, 44, 35, 11, 10, 5, 19, 42, 20], -193.3, [[-4, 27, 9, 21, -4], [-1, 45, 8, 29, 2, 38, 1, 37, 22, 43, 39, 18, -1], [0, 25, 13, 24, 3, 36, 16, 41, 17, 15, 12, 0], [0, 31, 32, 26, 7, 0], [-3, 30, 40, 23, 14, 4, 6, -3], [0, 34, 33, 0], [-1, 28, 44, 35, 11, 10, 5, 19, -1], [-3, 42, 20, -3]], [75, 50, 75, 75, 50, 75, 75, 75], [14, 7, 12, 13, 7, 10, 12, 2])
 [-275.55, -246.15, -245.03, -238.26, -235.31, -235.15, -218.49, -218.16, -208.24, -197.54, -193.3]

5:
 ([27, 32, 8, 6, 45, 11, 18, 34, 40, 42, 2, 17, 37, 25, 21, 23, 41, 9, 22, 15, 3, 10, 33, 30, 13, 5, 7, 44, 35, 19, 38, 20, 24, 28, 29, 1, 39, 12, 4, 26, 36, 43, 31, 14, 16], -214.32, [[-4, 27, 32, 8, -4], [-2, 6, -2], [-1, 45, 11, -1], [0, 18, 34, 40, 0], [-3, 42, 2, 17, 37, -3], [0, 25, 21, 23, 41, 9, 22, 15, 3, 10, 33, 30, 13, 0], [-1, 5, 7, 44, 35, 19, 38, 20, 24, -1], [-1, 28, 29, 1, 39, 12, 4, 26, 36, 43, 31, 14, -1], [-3, 16, -3]], [75, 40, 50, 75, 40, 75, 50, 75, 75], [12, 6, 6, 11, 6, 8, 8, 9, 5])
 [-286.85, -259.78, -254.89, -238.81, -236.69, -236.38, -233.02, -231.08, -230.95, -227.0, -224.93, -223.57, -214.32]

6:
 ([24, 23, 15, 37, 32, 4, 6, 42, 21, 2, 45, 10, 16, 38, 19, 43, 12, 9, 41, 36, 8, 5, 34, 29, 14, 22, 17, 33, 26, 28, 35, 25, 31, 20, 27, 11, 30, 7, 44, 13, 40, 1, 3, 39, 18], -210.23, [[-2, 24, 23, 15, 37, 32, 4, 6, 42, 21, -2], [-3, 2, 45, 10, 16, 38, 19, 43, 12, -3], [-1, 9, 41, 36, 8, 5, -1], [0, 34, 29, 0], [-3, 14, 22, 17, 33, 26, -3], [-1, 28, -1], [-4, 35, 25, -4], [0, 31, 20, 27, 11, 30, 7, 44, 13, 0], [0, 40, 1, 3, 39, 0], [0, 18, 0]], [75, 75, 75, 40, 40, 40, 50, 75, 50, 75], [8, 13, 10, 6, 6, 7, 5, 11, 4, 4])
 [-295.27, -273.05, -263.49, -255.65, -250.78, -249.05, -247.69, -242.6, -232.84, -229.67, -223.86, -215.43, -215.38, -212.53, -210.23]

7:
 ([32, 21, 45, 37, 30, 2, 4, 7, 33, 9, 6, 27, 41, 17, 18, 42, 10, 19, 29, 1, 28, 44, 20, 34, 43, 8, 38, 23, 31, 40, 16, 14, 39, 25, 13, 35, 15, 3, 22, 36, 24, 12, 11, 26, 5], -200.83, [[-3, 32, 21, 45, 37, 30, -3], [-3, 2, 4, 7, 33, -3], [-1, 9, -1], [-2, 6, -2], [-4, 27, 41, 17, 18, -4], [-3, 42, 10, 19, 29, 1, 28, 44, 20, 34, 43, 8, 38, 23, -3], [0, 31, 40, 16, 0], [-3, 14, -3], [-4, 39, 25, 13, 35, 15, 3, 22, 36, 24, 12, 11, 26, 5, -4]], [75, 50, 40, 50, 40, 75, 75, 40, 75], [11, 4, 6, 6, 6, 4, 12, 6, 12])
 [-299.86, -296.29, -279.64, -275.84, -253.57, -242.66, -240.49, -235.04, -233.54, -233.34, -223.56, -221.22, -218.49, -209.92, -200.83]

8:
 ([31, 3, 42, 5, 8, 2, 45, 26, 39, 7, 44, 38, 9, 32, 22, 27, 36, 37, 30, 28, 19, 17, 12, 43, 40, 35, 20, 24, 14, 41, 25, 21, 23, 13, 33, 4, 18, 34, 16, 11, 1, 6, 15, 29, 10], -211.26, [[0, 31, 3, 42, 0], [-1, 5, 8, -1], [-3, 2, 45, 26, 39, 7, 44, 38, -3], [-1, 9, -1], [-3, 32, 22, 27, 36, 37, 30, 28, -3], [-3, 19, 17, 12, 43, 40, 35, 20, 24, -3], [-3, 14, 41, 25, 21, 23, 13, 33, 4, 18, -3], [0, 34, 0], [-3, 16, 11, 1, 6, 15, 29, 10, -3]], [75, 50, 75, 40, 75, 40, 75, 50, 75], [11, 7, 12, 6, 10, 3, 12, 6, 13])
 [-298.16, -266.43, -256.82, -253.98, -232.24, -230.78, -230.33, -229.15, -224.15, -219.86, -211.26]

9:
 ([4, 44, 37, 18, 38, 16, 27, 28, 20, 31, 7, 11, 17, 39, 40, 34, 3, 45, 19, 10, 35, 42, 32, 43, 26, 13, 14, 25, 22, 24, 12, 5, 29, 30, 2, 36, 41, 8, 6, 23, 33, 21, 1, 9, 15], -206.5, [[-1, 4, 44, 37, 18, 38, 16, -1], [-4, 27, 28, 20, 31, 7, -4], [-1, 11, 17, 39, 40, 34, -1], [-3, 3, 45, 19, 10, 35, 42, -3], [-3, 32, 43, 26, -3], [-2, 13, 14, 25, 22, 24, 12, 5, 29, 30, 2, 36, 41, 8, -2], [-2, 6, 23, 33, 21, 1, 9, -2], [-1, 15, -1]], [75, 75, 75, 75, 40, 75, 75, 40], [1, 13, 11, 9, 7, 10, 14, 1])
 [-263.59, -255.0, -253.45, -241.71, -237.15, -232.97, -231.83, -225.76, -223.12, -218.51, -211.99, -206.5]

10:
 ([3, 24, 14, 21, 6, 40, 45, 2, 27, 25, 34, 11, 37, 5, 26, 4, 42, 13, 38, 44, 32, 19, 17, 18, 22, 1, 28, 41, 39, 16, 36, 7, 43, 12, 20, 15, 9, 29, 8, 35, 23, 10, 30, 33, 31], -210.69, [[-3, 3, 24, 14, 21, -3], [-2, 6, -2], [0, 40, 45, 2, 27, 0], [0, 25, 34, 11, 37, 5, 0], [-4, 26, 4, 42, 13, 38, 44, 32, 19, 17, 18, 22, 1, 28, 41, 39, -4], [-3, 16, 36, 7, 43, 12, 20, 15, 9, 29, 8, 35, 23, 10, 30, 33, -3], [0, 31, 0]], [75, 40, 75, 75, 75, 75, 75], [13, 6, 13, 15, 8, 6, 6])
 [-291.35, -268.61, -265.97, -247.03, -241.93, -240.81, -238.44, -238.25, -218.51, -210.69]

11:
 ([34, 18, 26, 39, 25, 21, 41, 45, 9, 42, 8, 2, 4, 31, 37, 13, 24, 14, 23, 28, 10, 40, 22, 27, 12, 16, 29, 5, 20, 1, 11, 32, 35, 44, 7, 15, 6, 17, 33, 43, 3, 36, 30, 19, 38], -201.25, [[0, 34, 18, 26, 39, 0], [0, 25, 21, 41, 45, 9, 0], [-3, 42, 8, -3], [-3, 2, 4, 31, 37, 13, 24, 14, 23, -3], [-1, 28, 10, 40, 22, 27, 12, 16, 29, 5, 20, 1, 11, 32, 35, 44, 7, 15, -1], [-2, 6, 17, 33, 43, 3, 36, -2], [-3, 30, 19, 38, -3]], [75, 75, 40, 75, 75, 75, 75], [14, 13, 5, 12, 7, 13, 6])
 [-279.78, -263.66, -262.06, -213.7, -201.25]

12:
 ([36, 40, 7, 19, 17, 1, 38, 42, 24, 25, 2, 15, 23, 8, 4, 13, 31, 3, 26, 44, 9, 10, 29, 22, 41, 32, 28, 33, 21, 6, 39, 12, 45, 37, 20, 11, 14, 30, 43, 5, 18, 35, 34, 27, 16], -211.79, [[-4, 36, 40, 7, 19, 17, 1, 38, 42, 24, 25, -4], [-3, 2, 15, 23, 8, 4, 13, 31, 3, 26, 44, -3], [-1, 9, 10, 29, -1], [-3, 22, 41, 32, 28, 33, -3], [-4, 21, -4], [-2, 6, -2], [-4, 39, 12, 45, 37, 20, 11, 14, 30, 43, -4], [-1, 5, 18, -1], [-4, 35, 34, 27, -4], [-3, 16, -3]], [75, 75, 75, 75, 40, 40, 75, 40, 75, 50], [8, 12, 6, 7, 3, 6, 7, 8, 13, 5])
 [-245.15, -241.75, -240.18, -236.83, -226.88, -224.45, -222.94, -217.35, -214.63, -211.79]

13:
 ([8, 31, 17, 6, 20, 11, 3, 32, 12, 27, 13, 44, 24, 7, 30, 15, 23, 10, 45, 4, 25, 21, 9, 28, 34, 29, 37, 39, 1, 38, 40, 5, 26, 2, 22, 19, 43, 16, 14, 33, 18, 42, 35, 36, 41], -215.55, [[-4, 8, 31, 17, 6, 20, 11, 3, -4], [-3, 32, 12, 27, 13, 44, 24, 7, 30, 15, 23, 10, 45, 4, 25, 21, -3], [-1, 9, 28, -1], [0, 34, 29, 37, 39, 1, 38, 40, 5, 26, 2, 22, 0], [-3, 19, 43, 16, -3], [-3, 14, 33, 18, -3], [-3, 42, 35, 36, 41, -3]], [75, 75, 75, 75, 75, 75, 75], [14, 9, 13, 13, 9, 14, 4])
 [-273.92, -271.86, -263.06, -254.78, -251.07, -233.62, -229.31, -227.65, -227.61, -222.98, -216.23, -215.55]

14:
 ([6, 27, 37, 1, 18, 25, 30, 41, 22, 26, 5, 9, 17, 40, 20, 10, 16, 15, 44, 33, 36, 43, 42, 29, 28, 38, 14, 12, 45, 11, 2, 13, 24, 7, 39, 23, 32, 35, 31, 3, 34, 4, 19, 8, 21], -197.68, [[-2, 6, 27, 37, 1, 18, 25, -2], [-3, 30, 41, 22, 26, 5, -3], [-1, 9, 17, 40, 20, 10, 16, 15, 44, 33, 36, 43, -1], [-3, 42, 29, 28, 38, -3], [-3, 14, 12, 45, 11, 2, -3], [-2, 13, 24, 7, 39, 23, 32, 35, -2], [0, 31, 0], [-3, 3, 34, 4, 19, 8, 21, -3]], [75, 50, 75, 75, 75, 75, 40, 75], [15, 2, 6, 6, 13, 8, 6, 13])
 [-250.53, -248.06, -222.62, -222.09, -217.74, -203.1, -197.68]

15:
 ([34, 18, 9, 27, 2, 26, 19, 38, 12, 43, 31, 8, 30, 32, 40, 4, 10, 11, 3, 33, 41, 37, 21, 14, 39, 24, 28, 22, 16, 5, 7, 36, 20, 35, 45, 13, 29, 17, 44, 1, 42, 23, 6, 25, 15], -211.21, [[0, 34, 18, 0], [-1, 9, -1], [-4, 27, 2, -4], [-4, 26, 19, 38, 12, 43, -4], [0, 31, 0], [-4, 8, 30, 32, 40, 4, 10, 11, 3, 33, 41, 37, 21, -4], [-3, 14, -3], [-4, 39, 24, 28, 22, 16, 5, -4], [0, 7, 36, 20, 35, 45, 0], [-2, 13, 29, 17, 44, -2], [-4, 1, 42, 23, 6, 25, 15, -4]], [50, 50, 50, 50, 40, 75, 40, 75, 50, 50, 75], [10, 6, 9, 6, 6, 11, 6, 13, 1, 1, 7])
 [-250.41, -242.84, -241.21, -238.12, -231.45, -228.02, -212.71, -212.23, -211.21]

16:
 ([12, 39, 25, 42, 7, 13, 36, 15, 6, 8, 23, 37, 4, 19, 26, 18, 21, 40, 28, 34, 45, 30, 10, 38, 43, 31, 32, 1, 11, 27, 9, 33, 3, 20, 35, 2, 22, 16, 17, 44, 29, 5, 14, 41, 24], -201.63, [[0, 12, 39, 25, 0], [-3, 42, 7, 13, -3], [-4, 36, 15, 6, 8, 23, 37, 4, 19, 26, 18, 21, -4], [0, 40, 28, 0], [0, 34, 45, 30, 10, 38, 43, 0], [0, 31, 32, 1, 11, 0], [-4, 27, -4], [-1, 9, 33, 3, 20, 35, 2, 22, 16, 17, 44, 29, 5, 14, 41, 24, -1]], [40, 40, 75, 75, 75, 75, 50, 75], [2, 4, 12, 8, 11, 11, 5, 14])
 [-282.49, -270.51, -257.4, -253.19, -245.21, -239.19, -234.09, -231.89, -231.53, -220.76, -220.32, -215.36, -212.39, -204.1, -201.63]

17:
 ([18, 7, 41, 24, 45, 10, 9, 44, 13, 3, 4, 26, 11, 2, 42, 27, 21, 37, 22, 5, 15, 32, 29, 30, 14, 23, 38, 19, 28, 1, 12, 25, 39, 6, 17, 36, 31, 43, 40, 16, 8, 34, 35, 20, 33], -216.63, [[0, 18, 7, 41, 24, 45, 10, 9, 44, 13, 3, 4, 26, 11, 0], [-3, 2, 42, -3], [-4, 27, 21, 37, 22, 5, -4], [-1, 15, 32, 29, 30, 14, 23, 38, 19, -1], [-1, 28, 1, 12, 25, 39, 6, 17, 36, -1], [0, 31, 43, 40, 16, 0], [-4, 8, 34, 35, 20, 33, -4]], [75, 40, 40, 75, 75, 75, 75], [10, 6, 8, 10, 13, 13, 11])
 [-288.22, -258.14, -254.8, -253.98, -251.94, -245.49, -232.47, -231.76, -230.31, -217.31, -216.76, -216.63]

18:
 ([20, 38, 27, 13, 19, 40, 28, 30, 8, 22, 41, 21, 5, 31, 26, 4, 16, 24, 11, 36, 1, 33, 44, 42, 7, 18, 32, 17, 29, 45, 37, 2, 6, 3, 43, 15, 23, 34, 39, 12, 14, 25, 10, 9, 35], -208.51, [[-2, 20, 38, 27, -2], [-2, 13, 19, 40, -2], [-1, 28, 30, 8, 22, 41, 21, 5, -1], [0, 31, 26, 4, 16, 24, 11, 36, 1, 33, 44, 42, 0], [0, 7, 18, 32, 17, 29, 45, 37, 2, 0], [-2, 6, 3, 43, 15, 23, 34, -2], [-4, 39, 12, 14, 25, 10, 9, 35, -4]], [40, 75, 75, 75, 75, 75, 75], [0, 5, 12, 13, 10, 14, 12])
 [-249.91, -248.22, -220.53, -208.51]

19:
 ([41, 3, 43, 14, 21, 33, 42, 20, 10, 35, 2, 37, 16, 6, 8, 36, 1, 38, 29, 40, 34, 26, 24, 5, 13, 9, 25, 19, 27, 28, 22, 31, 12, 15, 23, 32, 17, 18, 39, 44, 30, 7, 11, 45, 4], -207.52, [[-4, 41, 3, 43, -4], [-3, 14, 21, 33, -3], [-3, 42, 20, 10, 35, 2, 37, 16, -3], [-2, 6, 8, 36, 1, 38, 29, 40, 34, 26, -2], [-2, 24, 5, 13, -2], [-1, 9, 25, 19, -1], [-4, 27, 28, 22, 31, 12, 15, 23, 32, 17, 18, -4], [-4, 39, 44, 30, 7, 11, -4], [-1, 45, 4, -1]], [40, 75, 75, 75, 40, 75, 75, 50, 75], [2, 13, 2, 12, 6, 12, 14, 5, 3])
 [-255.34, -244.63, -231.32, -229.27, -216.79, -215.41, -209.36, -207.52]

20:
 ([11, 45, 33, 1, 16, 44, 6, 18, 10, 30, 12, 9, 43, 31, 2, 22, 42, 24, 13, 8, 4, 36, 14, 7, 28, 34, 19, 21, 40, 27, 20, 26, 5, 3, 41, 17, 37, 32, 35, 15, 23, 38, 29, 25, 39], -214.77, [[-1, 11, 45, 33, 1, 16, 44, -1], [-2, 6, 18, 10, 30, 12, 9, 43, -2], [0, 31, 2, 22, 42, 24, 13, 8, 4, 36, 14, 0], [0, 7, 28, 34, 0], [-3, 19, 21, -3], [0, 40, 27, 20, 26, 5, 0], [-3, 3, 41, 17, 37, 32, 35, 15, 23, 38, 29, 25, 39, -3]], [75, 75, 75, 75, 40, 50, 50], [13, 12, 11, 14, 6, 6, 6])
 [-290.42, -252.32, -236.82, -229.26, -226.81, -226.08, -224.51, -219.03, -217.81, -217.22, -216.93, -214.77]

