1:
 ([3, 2, 6, 8, 1, 4, 7, 5], -32.36, [[0, 3, 2, 6, 8, 0], [-1, 1, 4, 7, 5, -1]], [40, 50], [2, 0])
 [-56.48, -44.45, -42.65, -42.21, -37.62, -37.15, -33.85, -33.64, -32.53, -32.36]

2:
 ([2, 8, 4, 5, 1, 3, 7, 6], -32.58, [[0, 2, 8, 4, 5, 1, 3, 7, 0], [-1, 6, -1]], [75, 75], [11, 0])
 [-50.64, -42.96, -37.77, -33.49, -32.58]

3:
 ([7, 8, 4, 2, 3, 1, 5, 6], -30.73, [[-1, 7, 8, 4, 2, 3, 1, 5, -1], [-1, 6, -1]], [75, 40], [12, 0])
 [-44.12, -33.04, -32.24, -30.73]

4:
 ([7, 4, 8, 6, 2, 3, 5, 1], -29.84, [[-1, 7, 4, 8, 6, 2, 3, 5, 1, -1]], [75], [9])
 [-49.5, -49.22, -44.52, -34.7, -31.62, -29.84]

5:
 ([1, 6, 3, 5, 7, 4, 8, 2], -31.24, [[-1, 1, 6, -1], [0, 3, 5, 7, 4, 8, 0], [0, 2, 0]], [50, 40, 75], [0, 0, 6])
 [-46.74, -33.6, -33.39, -31.24]

6:
 ([6, 8, 1, 3, 2, 4, 5, 7], -29.16, [[-1, 6, 8, 1, 3, 2, 4, 5, 7, -1]], [75], [0])
 [-41.15, -40.6, -38.69, -36.18, -35.64, -35.22, -34.76, -34.46, -29.16]

7:
 ([6, 8, 2, 3, 4, 7, 5, 1], -31.75, [[-1, 6, 8, 2, 3, 4, 7, 5, 1, -1]], [75], [5])
 [-48.48, -47.17, -44.37, -40.7, -39.04, -35.61, -32.46, -32.26, -31.75]

8:
 ([5, 4, 2, 6, 8, 1, 3, 7], -31.44, [[-1, 5, 4, 2, 6, 8, 1, 3, 7, -1]], [75], [7])
 [-45.13, -36.68, -32.94, -31.49, -31.44]

9:
 ([2, 3, 1, 6, 8, 4, 7, 5], -30.25, [[0, 2, 3, 0], [-1, 1, 6, 8, 4, 7, 5, -1]], [40, 75], [6, 0])
 [-56.7, -49.62, -47.42, -43.06, -34.4, -33.91, -32.35, -30.25]

10:
 ([2, 3, 7, 4, 1, 5, 6, 8], -33.58, [[0, 2, 3, 7, 4, 1, 5, 6, 8, 0]], [75], [7])
 [-47.36, -41.49, -39.49, -34.38, -33.58]

11:
 ([2, 6, 5, 7, 4, 8, 1, 3], -32.04, [[0, 2, 6, 5, 7, 4, 8, 1, 3, 0]], [75], [6])
 [-50.48, -50.1, -47.99, -44.85, -38.91, -37.1, -34.22, -33.4, -33.16, -32.04]

12:
 ([6, 8, 2, 4, 5, 7, 3, 1], -30.76, [[-1, 6, 8, 2, 4, 5, 7, 3, 1, -1]], [75], [8])
 [-42.14, -37.73, -37.38, -31.2, -30.76]

13:
 ([6, 2, 3, 1, 8, 4, 7, 5], -27.76, [[-1, 6, 2, 3, 1, 8, 4, 7, 5, -1]], [75], [3])
 [-44.63, -41.87, -40.65, -38.15, -35.37, -34.79, -33.03, -27.76]

14:
 ([6, 2, 3, 8, 4, 7, 5, 1], -32.34, [[-1, 6, 2, 3, 8, 4, 7, 5, 1, -1]], [75], [5])
 [-52.76, -42.38, -37.99, -36.54, -36.43, -34.72, -32.34]

15:
 ([5, 1, 8, 4, 7, 3, 2, 6], -30.79, [[-1, 5, -1], [-1, 1, 8, 4, 7, 3, 2, 6, -1]], [40, 50], [0, 2])
 [-46.24, -36.46, -30.79]

16:
 ([7, 4, 5, 3, 2, 6, 8, 1], -32.06, [[-1, 7, 4, 5, 3, 2, 6, 8, 1, -1]], [75], [5])
 [-50.79, -48.19, -43.18, -42.43, -32.06]

17:
 ([8, 4, 2, 3, 1, 5, 7, 6], -27.83, [[0, 8, 4, 2, 3, 1, 5, 7, 0], [-1, 6, -1]], [75, 75], [11, 0])
 [-49.93, -39.07, -38.81, -32.11, -27.83]

18:
 ([6, 8, 2, 4, 7, 3, 5, 1], -30.59, [[-1, 6, 8, 2, 4, 7, 3, 5, 1, -1]], [75], [9])
 [-36.52, -34.57, -34.34, -33.4, -32.09, -30.59]

19:
 ([6, 1, 8, 4, 7, 5, 3, 2], -30.57, [[-1, 6, 1, 8, 4, 7, 5, -1], [0, 3, 2, 0]], [50, 50], [0, 2])
 [-62.76, -45.63, -38.3, -37.18, -32.26, -30.57]

20:
 ([8, 6, 2, 4, 7, 5, 1, 3], -27.61, [[0, 8, 6, 2, 4, 7, 5, 1, 3, 0]], [75], [9])
 [-49.29, -46.61, -40.0, -27.61]

