1:
 ([26, 39, 31, 42, 2, 12, 17, 9, 21, 45, 3, 15, 11, 16, 37, 18, 1, 40, 23, 29, 5, 7, 33, 27, 22, 14, 6, 4, 10, 13, 19, 34, 24, 20, 44, 28, 30, 25, 41, 32, 38, 8, 43, 36, 35], -212.55, [[-4, 26, 39, 31, 42, -4], [-3, 2, 12, 17, 9, -3], [-4, 21, 45, 3, 15, 11, -4], [-3, 16, 37, 18, 1, 40, 23, 29, 5, 7, 33, -3], [-4, 27, 22, 14, 6, 4, 10, 13, -4], [-3, 19, 34, 24, 20, 44, 28, 30, 25, 41, -3], [-3, 32, 38, 8, 43, -3], [-4, 36, 35, -4]], [75, 40, 75, 75, 75, 75, 50, 40], [12, 6, 13, 9, 11, 13, 9, 1])
 [-241.08, -233.73, -220.78, -212.55]

2:
 ([35, 18, 45, 32, 15, 17, 1, 29, 4, 39, 26, 38, 2, 30, 14, 24, 40, 36, 44, 13, 11, 25, 7, 28, 22, 41, 12, 6, 21, 23, 31, 3, 42, 16, 27, 20, 34, 43, 8, 9, 19, 10, 5, 37, 33], -212.86, [[-4, 35, 18, 45, 32, 15, 17, 1, 29, 4, 39, 26, -4], [-3, 38, 2, 30, 14, -3], [-2, 24, 40, 36, 44, 13, 11, -2], [0, 25, 7, 28, 22, 41, 12, 6, 21, 23, 31, 0], [-3, 3, 42, -3], [-3, 16, 27, -3], [-2, 20, 34, 43, 8, -2], [-1, 9, 19, -1], [-3, 10, 5, 37, 33, -3]], [75, 75, 40, 75, 50, 50, 75, 50, 75], [14, 13, 2, 12, 5, 10, 4, 9, 3])
 [-264.5, -259.23, -252.51, -242.13, -237.04, -234.09, -232.97, -230.6, -229.05, -225.17, -222.65, -212.86]

3:
 ([8, 31, 26, 39, 4, 10, 32, 13, 14, 38, 3, 27, 11, 22, 44, 25, 23, 21, 15, 41, 18, 2, 19, 30, 37, 28, 43, 9, 5, 35, 20, 33, 45, 42, 29, 40, 17, 16, 24, 12, 6, 7, 36, 34, 1], -220.0, [[-4, 8, 31, 26, 39, 4, 10, 32, -4], [-2, 13, 14, 38, 3, -2], [-4, 27, 11, 22, 44, 25, 23, 21, 15, 41, 18, 2, 19, -4], [-3, 30, 37, 28, 43, -3], [-1, 9, 5, -1], [-4, 35, 20, 33, 45, 42, 29, 40, 17, 16, 24, 12, -4], [-2, 6, 7, 36, -2], [0, 34, 1, 0]], [75, 75, 75, 75, 50, 75, 50, 50], [13, 11, 12, 9, 10, 7, 7, 6])
 [-267.44, -254.32, -250.16, -250.0, -239.21, -233.62, -233.04, -225.4, -224.01, -223.0, -220.0]

4:
 ([38, 16, 5, 19, 26, 31, 36, 8, 27, 4, 44, 20, 34, 29, 9, 24, 22, 25, 23, 15, 32, 3, 14, 11, 40, 17, 1, 7, 43, 12, 30, 6, 21, 37, 33, 13, 42, 2, 10, 35, 45, 28, 39, 18, 41], -202.71, [[-3, 38, 16, 5, 19, -3], [-4, 26, 31, 36, 8, -4], [-4, 27, 4, 44, 20, 34, 29, 9, 24, 22, 25, 23, 15, 32, 3, -4], [-3, 14, 11, 40, 17, 1, 7, 43, 12, 30, -3], [-2, 6, 21, 37, 33, 13, -2], [-3, 42, 2, -3], [-3, 10, 35, 45, 28, -3], [-4, 39, 18, 41, -4]], [75, 75, 75, 75, 75, 40, 75, 75], [13, 10, 5, 10, 13, 6, 8, 6])
 [-293.06, -270.02, -250.2, -239.67, -228.43, -226.08, -222.79, -202.71]

5:
 ([40, 31, 3, 25, 5, 28, 9, 16, 44, 1, 6, 23, 41, 15, 35, 8, 34, 20, 26, 7, 36, 24, 12, 37, 17, 11, 30, 45, 4, 33, 13, 42, 39, 19, 38, 43, 21, 2, 10, 18, 29, 27, 32, 22, 14], -214.1, [[0, 40, 0], [0, 31, 3, 25, 0], [-1, 5, -1], [-1, 28, 9, -1], [-3, 16, 44, 1, 6, 23, 41, 15, 35, 8, -3], [0, 34, 20, 26, 7, 36, 24, 12, 37, 17, 11, 30, 45, 4, 33, 13, 0], [-3, 42, 39, 19, 38, 43, 21, -3], [-3, 2, 10, 18, 29, 27, 32, 22, 14, -3]], [40, 75, 40, 75, 40, 75, 75, 75], [1, 12, 4, 13, 7, 6, 12, 9])
 [-277.39, -262.82, -262.04, -252.03, -250.35, -233.34, -229.16, -214.1]

6:
 ([18, 7, 10, 30, 39, 37, 15, 36, 43, 29, 17, 33, 1, 45, 21, 14, 27, 20, 4, 19, 32, 2, 8, 23, 11, 41, 5, 35, 42, 34, 13, 3, 40, 9, 12, 6, 25, 31, 16, 28, 26, 38, 22, 44, 24], -215.09, [[0, 18, 7, 10, 30, 39, 37, 15, 36, 43, 29, 17, 33, 1, 45, 21, 0], [-3, 14, -3], [-4, 27, 20, 4, 19, 32, 2, 8, 23, 11, 41, -4], [-1, 5, 35, 42, -1], [0, 34, 13, 0], [-3, 3, 40, -3], [-1, 9, 12, -1], [-2, 6, -2], [0, 25, 0], [0, 31, 0], [-3, 16, 28, 26, -3], [-3, 38, 22, 44, 24, -3]], [75, 50, 75, 75, 50, 50, 40, 40, 40, 50, 75, 75], [8, 6, 8, 8, 7, 4, 6, 6, 3, 6, 14, 1])
 [-244.47, -243.16, -238.09, -233.26, -227.77, -223.58, -215.09]

7:
 ([26, 5, 13, 20, 45, 43, 25, 7, 42, 11, 32, 16, 10, 23, 28, 41, 2, 34, 18, 36, 37, 38, 3, 44, 29, 33, 35, 17, 14, 22, 21, 12, 39, 31, 27, 1, 19, 24, 15, 4, 40, 9, 8, 30, 6], -221.46, [[-4, 26, 5, 13, 20, 45, 43, 25, 7, -4], [-3, 42, 11, 32, -3], [-3, 16, 10, 23, 28, 41, 2, -3], [0, 34, 0], [0, 18, 36, 37, 38, 3, 44, 29, 33, 35, 17, 14, 22, 21, 12, 39, 31, 0], [-4, 27, 1, 19, 24, 15, 4, 40, 9, -4], [-4, 8, 30, 6, -4]], [75, 75, 75, 40, 75, 75, 75], [9, 9, 7, 6, 12, 10, 11])
 [-260.74, -260.3, -236.29, -234.06, -225.33, -221.46]

8:
 ([22, 1, 6, 35, 18, 5, 19, 39, 26, 11, 45, 2, 38, 7, 24, 15, 25, 12, 13, 14, 17, 40, 23, 28, 44, 42, 29, 10, 9, 33, 16, 27, 3, 20, 36, 37, 31, 30, 34, 41, 4, 8, 21, 32, 43], -216.23, [[-3, 22, 1, 6, 35, 18, -3], [-1, 5, 19, 39, 26, 11, -1], [-1, 45, 2, 38, 7, 24, 15, -1], [0, 25, 12, 13, 0], [-3, 14, 17, 40, 23, 28, 44, 42, 29, 10, 9, -3], [-3, 33, 16, 27, -3], [-3, 3, 20, 36, 37, 31, 30, -3], [0, 34, 41, 4, 8, 21, 32, 43, 0]], [75, 75, 75, 40, 75, 75, 75, 75], [4, 14, 11, 3, 10, 14, 3, 10])
 [-262.15, -247.64, -239.9, -235.64, -221.41, -216.23]

9:
 ([38, 37, 22, 11, 16, 19, 20, 42, 17, 35, 23, 39, 25, 41, 29, 40, 26, 7, 9, 34, 21, 30, 10, 5, 13, 8, 12, 27, 18, 32, 43, 31, 36, 3, 4, 1, 2, 28, 6, 15, 24, 45, 14, 33, 44], -203.16, [[-3, 38, 37, 22, 11, 16, 19, 20, 42, 17, 35, 23, 39, 25, 41, 29, 40, 26, -3], [0, 7, 9, 34, 0], [-4, 21, 30, 10, 5, -4], [-2, 13, 8, 12, 27, 18, -2], [-3, 32, 43, 31, 36, 3, 4, 1, 2, -3], [-1, 28, 6, 15, -1], [-2, 24, 45, 14, 33, 44, -2]], [75, 75, 40, 75, 75, 75, 75], [5, 13, 5, 10, 13, 14, 14])
 [-289.21, -261.44, -260.79, -239.98, -235.67, -231.96, -224.51, -223.69, -210.66, -203.16]

10:
 ([45, 25, 12, 3, 19, 40, 16, 36, 1, 18, 27, 42, 24, 34, 44, 22, 7, 33, 21, 28, 26, 29, 35, 39, 5, 8, 43, 10, 31, 41, 2, 4, 6, 13, 30, 20, 32, 11, 38, 23, 9, 37, 15, 17, 14], -204.29, [[-1, 45, 25, 12, 3, 19, 40, -1], [-3, 16, 36, 1, 18, 27, 42, -3], [-2, 24, 34, 44, 22, 7, 33, 21, -2], [-1, 28, 26, 29, 35, 39, -1], [-1, 5, 8, 43, 10, 31, 41, 2, 4, 6, -1], [-2, 13, 30, 20, 32, 11, 38, 23, 9, 37, 15, 17, -2], [-3, 14, -3]], [75, 75, 75, 50, 75, 75, 40], [10, 13, 7, 9, 13, 8, 6])
 [-270.23, -261.21, -246.03, -218.23, -211.4, -204.29]

11:
 ([42, 37, 29, 39, 40, 21, 17, 9, 27, 15, 45, 11, 30, 43, 10, 18, 13, 19, 32, 22, 26, 14, 31, 38, 23, 34, 24, 1, 33, 20, 16, 5, 12, 6, 3, 35, 8, 4, 2, 36, 41, 25, 28, 7, 44], -217.57, [[-3, 42, 37, 29, 39, 40, 21, 17, 9, -3], [-4, 27, 15, 45, 11, -4], [-3, 30, 43, 10, 18, 13, 19, -3], [-3, 32, 22, 26, 14, -3], [0, 31, 38, 23, 0], [0, 34, 24, 1, 33, 20, 16, 5, 12, 0], [-2, 6, 3, -2], [-4, 35, 8, 4, 2, 36, 41, 25, 28, 7, 44, -4]], [75, 75, 75, 50, 40, 75, 50, 75], [8, 12, 7, 6, 7, 12, 9, 12])
 [-273.38, -250.77, -224.1, -218.85, -217.57]

12:
 ([33, 1, 7, 4, 13, 23, 44, 29, 45, 11, 38, 42, 6, 2, 40, 20, 27, 26, 25, 18, 30, 10, 24, 34, 8, 39, 14, 37, 21, 9, 5, 22, 32, 35, 12, 41, 31, 16, 36, 15, 17, 3, 43, 28, 19], -220.81, [[-3, 33, 1, 7, 4, 13, 23, 44, -3], [-1, 29, 45, 11, 38, 42, -1], [-2, 6, 2, 40, 20, 27, 26, -2], [0, 25, 18, 30, 10, 24, 34, 0], [-4, 8, 39, 14, 37, 21, -4], [-1, 9, -1], [-1, 5, 22, 32, 35, 12, 41, 31, 16, 36, 15, 17, -1], [-3, 3, 43, 28, 19, -3]], [75, 75, 75, 75, 75, 40, 75, 75], [4, 5, 12, 12, 13, 6, 10, 14])
 [-244.69, -237.36, -233.33, -220.81]

13:
 ([12, 16, 23, 27, 13, 40, 29, 30, 10, 19, 4, 6, 2, 24, 31, 3, 21, 41, 28, 45, 8, 32, 20, 7, 25, 15, 38, 43, 42, 26, 35, 33, 5, 39, 14, 36, 1, 11, 37, 34, 17, 18, 22, 9, 44], -201.81, [[0, 12, 16, 23, 27, 0], [-2, 13, 40, 29, 30, 10, 19, 4, 6, -2], [-3, 2, 24, 31, 3, -3], [-4, 21, 41, 28, 45, 8, -4], [-3, 32, 20, 7, 25, 15, 38, 43, 42, 26, -3], [-4, 35, 33, 5, 39, -4], [-3, 14, 36, 1, 11, 37, 34, 17, 18, 22, 9, 44, -3]], [40, 75, 75, 75, 75, 75, 75], [4, 2, 14, 14, 9, 12, 14])
 [-301.46, -300.07, -278.21, -271.71, -243.06, -242.35, -233.79, -227.78, -201.81]

14:
 ([21, 3, 30, 37, 12, 45, 6, 41, 29, 39, 36, 8, 26, 18, 27, 32, 11, 43, 5, 24, 9, 44, 20, 40, 34, 28, 22, 13, 1, 15, 35, 42, 23, 19, 17, 2, 25, 38, 16, 10, 31, 4, 33, 14, 7], -207.52, [[-4, 21, 3, 30, 37, 12, 45, 6, 41, 29, 39, -4], [-4, 36, 8, 26, -4], [0, 18, 27, 32, 0], [-1, 11, 43, 5, 24, 9, 44, -1], [-2, 20, 40, 34, -2], [-1, 28, 22, 13, 1, 15, 35, 42, 23, 19, 17, 2, 25, -1], [-3, 38, 16, 10, 31, 4, 33, -3], [-3, 14, -3], [0, 7, 0]], [75, 40, 75, 75, 75, 75, 50, 40, 40], [13, 4, 13, 15, 1, 11, 8, 6, 1])
 [-326.06, -278.28, -266.5, -250.83, -249.55, -245.72, -230.29, -227.94, -207.52]

15:
 ([22, 9, 36, 11, 38, 3, 34, 15, 5, 43, 16, 7, 21, 45, 35, 42, 6, 8, 14, 40, 32, 2, 30, 24, 12, 39, 25, 13, 28, 44, 33, 41, 23, 4, 26, 18, 1, 27, 20, 31, 17, 19, 10, 37, 29], -207.09, [[-3, 22, 9, 36, 11, 38, 3, -3], [0, 34, 15, 5, 43, 0], [-3, 16, 7, 21, 45, -3], [-4, 35, 42, 6, 8, -4], [-3, 14, 40, 32, -3], [-3, 2, 30, -3], [-2, 24, 12, 39, 25, 13, -2], [-1, 28, 44, 33, 41, 23, 4, 26, 18, 1, 27, 20, 31, 17, 19, 10, 37, 29, -1]], [75, 75, 75, 75, 75, 40, 50, 75], [6, 12, 12, 13, 11, 6, 4, 9])
 [-267.09, -265.9, -265.42, -251.26, -240.43, -231.46, -215.45, -207.09]

16:
 ([18, 31, 16, 17, 43, 21, 42, 44, 20, 30, 45, 6, 38, 19, 40, 24, 15, 22, 13, 25, 34, 14, 9, 39, 26, 41, 12, 28, 3, 27, 4, 7, 33, 2, 29, 36, 23, 10, 11, 32, 37, 1, 5, 8, 35], -220.87, [[0, 18, 31, 16, 17, 43, 0], [-4, 21, 42, 44, 20, 30, 45, 6, -4], [-3, 38, 19, 40, 24, 15, 22, 13, 25, -3], [0, 34, 14, 0], [-1, 9, 39, 26, 41, 12, 28, -1], [-3, 3, 27, 4, 7, 33, 2, 29, 36, 23, 10, 11, 32, 37, 1, 5, 8, -3], [-4, 35, -4]], [75, 75, 75, 75, 75, 75, 75], [15, 7, 7, 12, 12, 12, 2])
 [-270.61, -251.13, -245.61, -242.81, -239.62, -234.57, -231.68, -223.02, -220.87]

17:
 ([8, 3, 33, 21, 42, 20, 37, 26, 12, 44, 19, 43, 38, 29, 16, 28, 1, 36, 2, 7, 30, 41, 27, 22, 11, 15, 34, 24, 18, 45, 25, 17, 5, 35, 10, 14, 13, 23, 40, 32, 6, 4, 31, 9, 39], -212.65, [[-4, 8, 3, -4], [-3, 33, 21, -3], [-3, 42, 20, 37, 26, 12, 44, 19, 43, 38, 29, 16, -3], [-1, 28, 1, 36, 2, 7, 30, 41, -1], [-4, 27, 22, 11, 15, -4], [0, 34, 24, 0], [0, 18, 45, 25, 17, 5, 0], [-4, 35, 10, 14, 13, 23, 40, 32, -4], [-2, 6, 4, 31, 9, -2], [-4, 39, -4]], [40, 50, 75, 75, 40, 50, 75, 75, 75, 75], [6, 7, 2, 11, 5, 7, 13, 7, 13, 2])
 [-274.77, -269.32, -260.78, -254.75, -246.37, -245.54, -221.8, -221.4, -221.32, -213.78, -212.65]

18:
 ([14, 27, 41, 16, 30, 18, 8, 22, 13, 44, 19, 38, 39, 29, 36, 40, 1, 24, 42, 6, 32, 23, 34, 9, 2, 35, 15, 4, 31, 3, 12, 10, 7, 17, 28, 37, 11, 20, 5, 25, 21, 45, 33, 43, 26], -223.26, [[-3, 14, 27, 41, 16, -3], [-3, 30, 18, 8, 22, 13, 44, 19, 38, 39, 29, 36, 40, 1, 24, -3], [-3, 42, 6, 32, 23, -3], [0, 34, 0], [-1, 9, 2, 35, 15, 4, 31, -1], [-3, 3, 12, 10, 7, 17, 28, 37, -3], [-1, 11, 20, 5, 25, 21, 45, -1], [-3, 33, 43, 26, -3]], [75, 75, 75, 40, 75, 50, 75, 75], [14, 9, 12, 6, 14, 3, 10, 7])
 [-278.05, -255.58, -248.52, -244.25, -223.26]

19:
 ([43, 6, 1, 12, 15, 8, 29, 20, 32, 39, 22, 45, 9, 10, 17, 3, 31, 24, 25, 13, 27, 38, 23, 42, 18, 16, 11, 14, 5, 37, 34, 28, 7, 44, 26, 4, 19, 21, 33, 36, 30, 35, 40, 41, 2], -213.77, [[-1, 43, 6, 1, 12, 15, 8, 29, 20, 32, 39, 22, 45, 9, 10, 17, 3, -1], [0, 31, 24, 25, 13, 0], [-4, 27, 38, 23, 42, 18, -4], [-3, 16, 11, 14, -3], [-1, 5, 37, 34, -1], [-1, 28, 7, 44, 26, 4, 19, 21, 33, 36, -1], [-3, 30, 35, 40, 41, 2, -3]], [75, 75, 75, 75, 75, 75, 50], [7, 11, 9, 14, 9, 12, 7])
 [-276.28, -259.36, -259.35, -250.28, -248.19, -243.48, -232.37, -230.91, -213.77]

20:
 ([42, 28, 12, 15, 34, 25, 33, 9, 44, 17, 39, 45, 14, 4, 31, 2, 6, 27, 20, 16, 10, 26, 18, 1, 22, 11, 43, 23, 38, 8, 5, 37, 41, 35, 13, 3, 19, 24, 40, 21, 36, 30, 29, 7, 32], -205.92, [[-3, 42, 28, 12, 15, 34, -3], [0, 25, 33, 9, 44, 17, 39, 45, 0], [-3, 14, 4, 31, 2, -3], [-2, 6, 27, 20, 16, 10, 26, 18, 1, 22, 11, 43, 23, 38, 8, 5, 37, 41, 35, -2], [-2, 13, 3, 19, 24, 40, -2], [-4, 21, 36, 30, 29, 7, 32, -4]], [75, 75, 75, 75, 75, 75], [13, 14, 11, 13, 9, 5])
 [-285.12, -278.64, -261.15, -251.65, -246.32, -244.86, -232.45, -205.92]

