1:
 ([16, 23, 10, 3, 2, 15, 26, 6, 18, 1, 11, 25, 12, 19, 14, 22, 8, 21, 9, 20, 5, 4, 27, 24, 17, 13, 7], -103.2, [[0, 16, 23, 10, 3, 2, 15, 26, 6, 18, 1, 11, 25, 0], [-1, 12, 19, 14, 22, -1], [0, 8, 21, 9, 20, 5, 4, 27, 24, 17, 13, 7, 0]], [75, 75, 75], [7, 10, 7])
 [-146.62, -145.57, -143.34, -137.86, -135.07, -134.26, -133.58, -124.19, -123.28, -116.49, -113.35, -105.63, -103.2]

2:
 ([12, 16, 10, 1, 14, 11, 5, 24, 6, 19, 23, 3, 20, 7, 4, 26, 13, 9, 18, 22, 17, 25, 27, 15, 2, 8, 21], -108.9, [[-1, 12, 16, 10, 1, 14, 11, 5, 24, 6, 19, -1], [0, 23, 3, 20, 7, 4, 0], [-1, 26, -1], [-2, 13, 9, 18, -2], [-1, 22, 17, 25, 27, 15, 2, 8, 21, -1]], [75, 50, 40, 50, 75], [12, 2, 7, 10, 10])
 [-172.61, -162.46, -156.37, -140.7, -139.65, -134.1, -121.74, -117.16, -115.94, -113.81, -111.01, -108.9]

3:
 ([19, 9, 22, 6, 23, 4, 17, 14, 2, 7, 25, 15, 20, 24, 27, 1, 13, 18, 5, 12, 21, 8, 16, 10, 3, 26, 11], -103.96, [[0, 19, 9, 22, 6, 23, 0], [0, 4, 17, 14, 2, 7, 25, 15, 20, 24, 27, 1, 13, 18, 0], [-1, 5, 12, 21, 8, 16, 10, 3, 26, 11, -1]], [75, 75, 75], [11, 13, 6])
 [-166.57, -141.03, -131.8, -126.16, -125.65, -124.01, -117.29, -109.55, -107.56, -103.96]

4:
 ([8, 21, 20, 6, 24, 7, 15, 27, 10, 9, 2, 3, 17, 22, 4, 25, 13, 5, 16, 14, 11, 1, 23, 18, 26, 19, 12], -103.64, [[0, 8, 21, 20, 6, 24, 7, 15, 27, 10, 9, 2, 3, 17, 22, 0], [0, 4, 25, 0], [-2, 13, 5, 16, -2], [-2, 14, 11, 1, 23, 18, 26, 19, -2], [-1, 12, -1]], [75, 50, 40, 40, 75], [7, 7, 7, 7, 2])
 [-184.66, -179.22, -173.06, -164.42, -161.14, -155.85, -154.48, -131.56, -130.04, -127.44, -111.38, -103.64]

5:
 ([27, 11, 20, 12, 5, 4, 16, 15, 25, 26, 22, 9, 6, 19, 24, 7, 3, 10, 23, 2, 21, 1, 14, 18, 13, 17, 8], -105.93, [[-1, 27, 11, 20, 12, 5, 4, 16, 15, 25, 26, -1], [-1, 22, 9, 6, 19, 24, 7, 3, 10, 23, 2, -1], [-2, 21, 1, 14, 18, 13, 17, 8, -2]], [75, 75, 75], [9, 14, 9])
 [-175.89, -171.3, -169.47, -159.88, -156.81, -147.4, -142.12, -130.6, -128.04, -125.95, -113.51, -111.79, -105.93]

6:
 ([13, 17, 3, 14, 11, 27, 20, 21, 9, 22, 7, 2, 12, 19, 6, 1, 24, 8, 5, 10, 23, 18, 26, 15, 16, 4, 25], -111.45, [[-2, 13, 17, 3, 14, 11, 27, 20, 21, 9, 22, -2], [0, 7, 2, 12, 19, 6, 0], [0, 1, 24, 8, 5, 10, 23, 18, 26, 15, 16, 4, 25, 0]], [75, 40, 75], [13, 7, 4])
 [-166.88, -148.83, -146.6, -144.32, -124.52, -119.51, -112.31, -111.45]

7:
 ([26, 3, 8, 9, 21, 6, 25, 15, 13, 5, 12, 1, 24, 11, 14, 19, 10, 16, 22, 7, 4, 17, 27, 18, 23, 2, 20], -112.73, [[-1, 26, 3, 8, 9, 21, 6, 25, 15, -1], [-2, 13, 5, 12, 1, 24, 11, 14, 19, 10, 16, -2], [-1, 22, 7, 4, 17, 27, 18, -1], [0, 23, 2, 20, 0]], [75, 75, 75, 75], [13, 7, 14, 0])
 [-156.67, -153.25, -150.61, -146.23, -144.04, -133.66, -130.56, -127.89, -125.98, -121.92, -114.1, -112.73]

8:
 ([1, 14, 27, 12, 15, 4, 6, 25, 11, 3, 17, 7, 21, 20, 9, 22, 10, 16, 8, 24, 19, 2, 23, 18, 26, 5, 13], -103.55, [[0, 1, 14, 27, 12, 15, 4, 6, 0], [-1, 25, 11, 3, 17, 7, 21, 20, 9, 22, -1], [0, 10, 16, 8, 24, 19, 2, 23, 18, 26, 5, 13, 0]], [75, 75, 75], [12, 6, 8])
 [-152.61, -152.12, -145.24, -141.09, -128.81, -128.55, -124.58, -115.91, -111.69, -108.13, -103.55]

9:
 ([23, 6, 19, 18, 13, 5, 20, 3, 11, 25, 7, 2, 15, 1, 21, 8, 16, 10, 22, 12, 26, 14, 24, 9, 4, 17, 27], -109.63, [[0, 23, 6, 19, 18, 13, 0], [-1, 5, 20, 3, 11, 25, 7, 2, 15, 1, 21, 8, 16, 10, -1], [-1, 22, 12, -1], [-1, 26, 14, 24, 9, 4, 17, 27, -1]], [40, 75, 75, 75], [5, 0, 9, 11])
 [-212.77, -172.16, -163.32, -150.59, -138.58, -132.12, -122.92, -122.53, -121.56, -116.85, -113.34, -111.18, -109.81, -109.63]

10:
 ([25, 18, 10, 13, 5, 22, 26, 6, 7, 27, 16, 15, 2, 8, 21, 20, 19, 12, 14, 24, 9, 1, 23, 4, 17, 3, 11], -109.33, [[-1, 25, 18, 10, 13, 5, -1], [-1, 22, 26, -1], [-1, 6, 7, 27, 16, 15, 2, 8, 21, 20, 19, 12, 14, 24, 9, 1, 23, 4, 17, 3, 11, -1]], [75, 75, 75], [13, 14, 10])
 [-161.64, -138.98, -125.37, -123.93, -115.95, -109.33]

11:
 ([23, 10, 13, 24, 11, 17, 14, 21, 8, 22, 26, 18, 1, 9, 2, 7, 15, 20, 3, 4, 12, 5, 27, 16, 25, 6, 19], -110.95, [[0, 23, 10, 13, 24, 11, 17, 14, 21, 8, 22, 0], [-1, 26, 18, 1, 9, 2, 7, 15, 20, 3, -1], [0, 4, 12, 5, 27, 16, 25, 6, 19, 0]], [75, 75, 75], [9, 14, 12])
 [-154.33, -150.95, -150.16, -147.01, -145.92, -132.21, -128.12, -125.86, -124.05, -122.02, -113.89, -111.75, -110.95]

12:
 ([14, 26, 16, 23, 2, 15, 24, 13, 1, 27, 7, 11, 4, 6, 18, 19, 10, 12, 5, 20, 9, 22, 21, 8, 25, 3, 17], -109.46, [[-2, 14, 26, 16, 23, 2, 15, 24, 13, 1, 27, 7, 11, -2], [0, 4, 0], [-1, 6, 18, 19, 10, 12, 5, 20, 9, -1], [-1, 22, 21, 8, -1], [-1, 25, 3, 17, -1]], [75, 40, 50, 50, 75], [12, 4, 6, 7, 3])
 [-173.87, -148.49, -146.13, -145.07, -138.49, -135.08, -127.77, -125.39, -119.82, -109.46]

13:
 ([18, 23, 13, 1, 8, 24, 6, 11, 14, 27, 25, 15, 4, 16, 10, 7, 17, 3, 26, 2, 21, 12, 20, 9, 19, 5, 22], -108.7, [[-1, 18, 23, 13, 1, 8, 24, 6, 11, 14, 27, -1], [-1, 25, 15, 4, 16, 10, 7, 17, 3, 26, 2, 21, -1], [-1, 12, 20, 9, 19, 5, 22, -1]], [75, 75, 75], [9, 12, 6])
 [-156.35, -144.34, -140.25, -124.93, -124.82, -117.66, -115.34, -111.29, -108.7]

14:
 ([23, 18, 13, 27, 24, 5, 19, 6, 17, 10, 1, 14, 12, 4, 7, 2, 8, 26, 3, 20, 21, 9, 22, 25, 11, 16, 15], -109.01, [[0, 23, 18, 13, 27, 24, 5, 0], [0, 19, 6, 17, 10, 1, 14, 12, 0], [0, 4, 7, 2, 8, 0], [-1, 26, 3, 20, 21, 9, 22, -1], [-1, 25, 11, 16, 15, -1]], [75, 75, 75, 75, 75], [6, 10, 11, 11, 3])
 [-185.17, -182.75, -171.11, -169.48, -147.35, -146.0, -140.14, -126.22, -125.14, -121.82, -120.88, -115.87, -114.32, -109.01]

15:
 ([25, 6, 11, 14, 15, 16, 1, 27, 12, 23, 10, 19, 5, 26, 21, 13, 17, 20, 24, 7, 22, 9, 18, 8, 3, 2, 4], -107.34, [[-1, 25, 6, 11, 14, 15, 16, 1, 27, 12, 23, 10, 19, 5, 26, -1], [-2, 21, 13, 17, 20, 24, 7, 22, 9, 18, -2], [0, 8, 3, 2, 4, 0]], [75, 75, 50], [12, 9, 4])
 [-175.68, -159.61, -157.58, -155.96, -153.25, -153.17, -148.66, -138.55, -137.13, -136.3, -123.85, -120.95, -118.72, -118.34, -115.52, -107.34]

16:
 ([25, 3, 26, 27, 20, 4, 17, 13, 9, 18, 23, 2, 22, 21, 15, 7, 1, 8, 24, 14, 19, 5, 6, 11, 10, 16, 12], -108.37, [[-1, 25, 3, 26, 27, 20, -1], [0, 4, 17, 13, 9, 18, 23, 2, 0], [-1, 22, 21, 15, 7, 1, 8, 24, 14, 19, 5, 6, 11, 10, 16, 12, -1]], [75, 75, 75], [9, 12, 7])
 [-168.9, -158.93, -153.07, -137.28, -133.93, -131.48, -112.13, -109.15, -108.37]

17:
 ([4, 26, 18, 23, 10, 17, 11, 1, 8, 21, 9, 6, 25, 16, 3, 20, 15, 2, 7, 24, 27, 5, 14, 22, 12, 19, 13], -106.03, [[0, 4, 26, 18, 23, 10, 17, 11, 1, 8, 21, 9, 0], [-1, 6, 25, 16, 3, 20, 15, 2, 7, 24, 27, 5, 14, 22, -1], [-1, 12, 19, 13, -1]], [75, 75, 75], [12, 8, 6])
 [-188.46, -172.9, -162.75, -125.74, -122.89, -120.93, -119.28, -114.76, -112.69, -106.71, -106.03]

18:
 ([25, 27, 22, 17, 3, 26, 11, 1, 9, 18, 21, 19, 14, 6, 4, 5, 20, 23, 8, 15, 2, 16, 10, 12, 13, 24, 7], -111.69, [[-1, 25, 27, -1], [-1, 22, 17, 3, 26, 11, 1, 9, 18, 21, 19, 14, 6, -1], [0, 4, 5, 20, 23, 8, 15, 2, 16, 10, 12, 0], [-2, 13, 24, 7, -2]], [40, 75, 75, 75], [5, 11, 5, 7])
 [-163.81, -146.72, -139.16, -131.1, -128.53, -127.83, -113.91, -111.69]

19:
 ([13, 21, 8, 4, 25, 3, 17, 10, 12, 23, 2, 7, 24, 11, 26, 18, 15, 20, 6, 1, 9, 27, 22, 14, 19, 5, 16], -107.76, [[-2, 13, 21, 8, 4, -2], [-1, 25, 3, 17, 10, 12, 23, 2, 7, 24, 11, 26, 18, 15, 20, 6, 1, 9, 27, -1], [-1, 22, 14, 19, 5, 16, -1]], [75, 75, 75], [11, 8, 11])
 [-180.99, -180.67, -167.35, -165.85, -154.53, -133.08, -131.85, -130.92, -129.84, -129.63, -127.35, -126.78, -126.05, -124.49, -120.1, -118.75, -107.76]

20:
 ([12, 5, 1, 9, 18, 6, 14, 20, 13, 21, 23, 11, 7, 27, 17, 4, 16, 15, 25, 26, 8, 24, 19, 10, 3, 2, 22], -106.42, [[-1, 12, 5, 1, 9, 18, -1], [-1, 6, 14, 20, -1], [-2, 13, 21, 23, 11, 7, 27, 17, 4, 16, 15, 25, 26, -2], [0, 8, 24, 19, 10, 3, 2, 22, 0]], [40, 75, 75, 75], [2, 9, 13, 3])
 [-150.97, -149.09, -144.54, -141.83, -138.43, -126.07, -123.63, -120.6, -116.51, -114.6, -106.42]

