1:
 ([7, 5, 1, 3, 2, 4, 8, 6], -26.94, [[-1, 7, 5, 1, 3, 2, 4, 8, 6, -1]], [75], [1])
 [-53.87, -39.59, -38.76, -36.57, -31.04, -27.36, -26.94]

2:
 ([6, 8, 4, 2, 3, 1, 5, 7], -26.94, [[-1, 6, 8, 4, 2, 3, 1, 5, 7, -1]], [75], [8])
 [-46.05, -43.92, -43.28, -40.09, -39.68, -38.33, -30.58, -29.48, -29.43, -28.09, -26.94]

3:
 ([8, 4, 2, 3, 1, 5, 7, 6], -27.83, [[0, 8, 4, 2, 3, 1, 5, 7, 0], [-1, 6, -1]], [75, 75], [11, 0])
 [-33.83, -33.66, -31.75, -29.84, -27.83]

4:
 ([3, 1, 5, 7, 4, 2, 6, 8], -27.61, [[0, 3, 1, 5, 7, 4, 2, 6, 8, 0]], [75], [0])
 [-41.43, -38.36, -30.18, -27.61]

5:
 ([6, 8, 4, 2, 3, 1, 5, 7], -26.94, [[-1, 6, 8, 4, 2, 3, 1, 5, 7, -1]], [75], [8])
 [-53.29, -44.32, -37.95, -37.57, -36.9, -36.49, -31.34, -30.75, -29.73, -28.12, -26.94]

6:
 ([7, 4, 8, 6, 2, 3, 1, 5], -28.12, [[-1, 7, 4, 8, 6, 2, 3, 1, 5, -1]], [75], [9])
 [-50.12, -49.82, -42.85, -41.98, -35.9, -33.45, -32.42, -31.44, -29.4, -28.12]

7:
 ([7, 5, 1, 3, 2, 4, 8, 6], -26.94, [[-1, 7, 5, 1, 3, 2, 4, 8, 6, -1]], [75], [1])
 [-59.53, -58.42, -34.76, -30.44, -29.81, -26.94]

8:
 ([2, 4, 7, 5, 3, 1, 8, 6], -27.58, [[0, 2, 4, 7, 5, 3, 1, 8, 0], [-1, 6, -1]], [75, 75], [11, 0])
 [-58.7, -39.01, -31.02, -29.43, -27.61, -27.58]

9:
 ([1, 2, 3, 5, 7, 4, 8, 6], -28.74, [[-1, 1, 2, 3, 5, 7, 4, 8, 6, -1]], [40], [0])
 [-42.49, -39.34, -37.36, -35.85, -31.75, -31.51, -30.98, -28.74]

10:
 ([7, 5, 1, 3, 2, 4, 8, 6], -26.94, [[-1, 7, 5, 1, 3, 2, 4, 8, 6, -1]], [75], [1])
 [-43.07, -37.72, -36.05, -29.4, -27.76, -26.94]

11:
 ([8, 6, 2, 4, 7, 5, 1, 3], -27.61, [[0, 8, 6, 2, 4, 7, 5, 1, 3, 0]], [75], [9])
 [-55.14, -40.87, -39.14, -38.56, -28.74, -28.56, -27.61]

12:
 ([8, 6, 1, 3, 2, 4, 5, 7], -30.17, [[0, 8, 6, 1, 3, 2, 4, 5, 7, 0]], [75], [1])
 [-58.32, -53.62, -50.49, -44.68, -38.08, -31.84, -30.59, -30.17]

13:
 ([6, 8, 1, 3, 2, 4, 5, 7], -29.16, [[-1, 6, 8, 1, 3, 2, 4, 5, 7, -1]], [75], [0])
 [-62.01, -52.89, -45.51, -40.14, -35.77, -33.12, -31.05, -30.8, -29.16]

14:
 ([6, 8, 4, 2, 3, 1, 5, 7], -26.94, [[-1, 6, 8, 4, 2, 3, 1, 5, 7, -1]], [75], [8])
 [-57.19, -43.64, -43.07, -42.35, -36.8, -32.61, -30.6, -27.44, -27.36, -26.94]

15:
 ([1, 5, 7, 3, 2, 4, 8, 6], -28.09, [[-1, 1, 5, 7, 3, 2, 4, 8, 6, -1]], [75], [0])
 [-69.35, -54.08, -35.13, -33.58, -28.74, -28.09]

16:
 ([5, 7, 4, 8, 6, 2, 3, 1], -27.44, [[-1, 5, 7, 4, 8, 6, 2, 3, 1, -1]], [75], [6])
 [-51.17, -47.26, -44.26, -40.47, -39.49, -38.42, -37.59, -37.52, -37.15, -34.1, -31.75, -31.62, -31.02, -27.44]

17:
 ([3, 5, 7, 4, 2, 1, 6, 8], -30.55, [[0, 3, 5, 7, 4, 2, 1, 6, 8, 0]], [75], [4])
 [-55.75, -46.24, -40.91, -40.72, -36.94, -34.38, -33.7, -31.42, -30.55]

18:
 ([1, 8, 4, 7, 5, 3, 2, 6], -29.48, [[-1, 1, 8, 4, 7, 5, 3, 2, 6, -1]], [75], [0])
 [-61.06, -37.18, -34.5, -31.51, -31.36, -29.48]

19:
 ([7, 5, 1, 3, 2, 4, 8, 6], -26.94, [[-1, 7, 5, 1, 3, 2, 4, 8, 6, -1]], [75], [1])
 [-37.72, -37.25, -30.41, -28.09, -26.94]

20:
 ([8, 6, 2, 4, 7, 5, 1, 3], -27.61, [[0, 8, 6, 2, 4, 7, 5, 1, 3, 0]], [75], [9])
 [-49.38, -43.01, -42.37, -38.63, -29.73, -29.23, -27.76, -27.61]

