1:
 ([10, 17, 25, 22, 24, 7, 20, 12, 23, 2, 5, 16, 13, 1, 18, 9, 6, 4, 3, 26, 11, 14, 19, 15, 27, 21, 8], -112.47, [[0, 10, 17, 25, 22, 24, 7, 20, 12, 23, 2, 0], [-1, 5, 16, 13, 1, 18, 9, -1], [-1, 6, 4, 3, 26, 11, 14, 19, 15, 27, 21, 8, -1]], [75, 75, 75], [12, 7, 13])
 [-177.67, -133.26, -128.57, -113.73, -112.47]

2:
 ([16, 13, 10, 3, 5, 24, 7, 27, 1, 21, 20, 8, 22, 12, 15, 4, 11, 9, 2, 6, 23, 17, 25, 18, 14, 26, 19], -116.16, [[0, 16, 13, 10, 3, 5, 0], [0, 24, 7, 27, 1, 21, 20, 8, 0], [-1, 22, 12, 15, 4, 11, 9, 2, -1], [-1, 6, 23, 17, 25, 18, 14, 26, 19, -1]], [75, 50, 75, 75], [12, 0, 10, 13])
 [-149.39, -142.5, -141.62, -141.18, -140.37, -136.47, -130.3, -124.05, -123.23, -116.16]

3:
 ([23, 3, 10, 16, 5, 26, 14, 6, 11, 17, 22, 25, 20, 15, 7, 2, 12, 4, 24, 18, 13, 9, 8, 21, 1, 27, 19], -102.98, [[0, 23, 3, 10, 16, 5, 26, 14, 0], [-1, 6, 11, 17, 22, 25, 20, 15, 7, 2, 12, -1], [0, 4, 24, 18, 13, 9, 8, 21, 1, 27, 19, 0]], [75, 75, 75], [6, 12, 9])
 [-180.39, -173.05, -136.59, -129.87, -116.84, -111.0, -109.4, -102.98]

4:
 ([8, 2, 9, 13, 26, 3, 10, 16, 4, 5, 18, 22, 6, 23, 17, 7, 11, 1, 19, 24, 14, 20, 21, 15, 25, 27, 12], -110.34, [[0, 8, 2, 9, 13, 0], [-1, 26, 3, 10, 16, 4, 5, 18, -1], [-1, 22, 6, 23, 17, 7, 11, 1, 19, 24, 14, 20, 21, -1], [-1, 15, 25, 27, 12, -1]], [75, 75, 75, 75], [14, 12, 11, 2])
 [-156.92, -154.42, -141.97, -140.29, -131.29, -128.0, -127.8, -127.47, -125.34, -121.36, -116.2, -115.57, -110.34]

5:
 ([22, 23, 17, 3, 26, 5, 16, 12, 14, 19, 24, 27, 13, 21, 4, 15, 18, 6, 25, 7, 11, 20, 1, 9, 2, 8, 10], -110.87, [[-1, 22, 23, 17, 3, 26, 5, 16, 12, 14, 19, 24, 27, 13, 21, 4, 15, 18, 6, 25, -1], [0, 7, 11, 20, 1, 9, 2, 0], [0, 8, 10, 0]], [75, 40, 40], [10, 7, 7])
 [-183.19, -182.77, -162.88, -158.87, -152.87, -145.18, -134.25, -128.59, -126.11, -124.52, -122.69, -118.46, -110.87]

6:
 ([22, 7, 25, 16, 6, 18, 9, 15, 27, 21, 13, 1, 2, 17, 23, 10, 19, 5, 20, 4, 8, 24, 11, 14, 12, 3, 26], -109.52, [[-1, 22, 7, 25, 16, -1], [-1, 6, 18, 9, 15, 27, 21, 13, 1, 2, 17, 23, 10, 19, 5, 20, 4, 8, 24, 11, 14, 12, 3, 26, -1]], [75, 75], [14, 10])
 [-143.77, -133.2, -131.08, -128.11, -109.52]

7:
 ([6, 18, 14, 12, 21, 15, 19, 9, 22, 10, 2, 7, 24, 13, 1, 20, 5, 11, 3, 8, 4, 17, 23, 27, 26, 16, 25], -109.91, [[-1, 6, 18, 14, 12, -1], [-2, 21, 15, 19, 9, 22, 10, -2], [-1, 2, 7, 24, 13, 1, 20, 5, 11, 3, 8, 4, 17, 23, 27, -1], [-1, 26, 16, 25, -1]], [50, 75, 75, 75], [9, 3, 6, 11])
 [-164.74, -144.11, -137.41, -135.87, -128.65, -121.13, -115.44, -112.0, -109.91]

8:
 ([22, 21, 8, 16, 5, 11, 1, 14, 24, 10, 15, 20, 17, 13, 6, 27, 12, 4, 9, 19, 3, 2, 23, 26, 25, 7, 18], -110.45, [[-1, 22, 21, 8, 16, 5, 11, 1, 14, 24, 10, 15, 20, 17, 13, 6, -1], [-1, 27, 12, -1], [0, 4, 9, 19, 3, 2, 23, 26, 25, 7, 18, 0]], [75, 40, 75], [9, 4, 12])
 [-162.29, -160.61, -139.16, -138.17, -126.64, -124.89, -124.77, -120.54, -119.53, -115.08, -113.86, -110.45]

9:
 ([19, 10, 27, 15, 18, 21, 14, 24, 12, 2, 23, 26, 1, 8, 6, 4, 5, 22, 7, 11, 25, 13, 9, 16, 20, 17, 3], -113.93, [[0, 19, 10, 27, 15, 18, 21, 14, 24, 12, 2, 23, 26, 1, 8, 0], [-1, 6, 4, 5, -1], [-1, 22, 7, 11, 25, -1], [-2, 13, 9, 16, 20, 17, 3, -2]], [75, 50, 75, 75], [3, 8, 11, 12])
 [-168.35, -166.46, -156.15, -150.03, -142.37, -142.04, -139.98, -133.64, -131.24, -124.71, -120.78, -120.69, -119.47, -113.93]

10:
 ([19, 13, 6, 21, 18, 1, 17, 4, 8, 12, 2, 25, 5, 22, 23, 20, 9, 26, 14, 11, 3, 15, 16, 10, 7, 27, 24], -115.55, [[0, 19, 13, 0], [-1, 6, 21, 18, 1, 17, 4, 8, 12, 2, -1], [-1, 25, 5, 22, 23, 20, 9, -1], [-1, 26, 14, 11, 3, 15, 16, 10, 7, 27, 24, -1]], [50, 75, 75, 75], [4, 9, 8, 11])
 [-175.85, -164.59, -151.46, -149.01, -138.91, -131.98, -126.29, -120.08, -116.57, -115.55]

11:
 ([7, 27, 25, 1, 14, 24, 3, 17, 13, 4, 5, 8, 11, 19, 22, 12, 20, 6, 10, 16, 9, 21, 18, 23, 26, 15, 2], -106.46, [[0, 7, 27, 25, 1, 14, 24, 3, 17, 13, 4, 5, 8, 11, 19, 0], [-1, 22, 12, 20, -1], [-1, 6, 10, 16, 9, 21, 18, 23, 26, 15, 2, -1]], [75, 75, 75], [13, 10, 13])
 [-157.61, -155.85, -152.85, -133.04, -115.89, -115.52, -113.55, -106.46]

12:
 ([8, 6, 18, 11, 26, 19, 13, 21, 12, 3, 15, 20, 23, 10, 1, 16, 5, 14, 4, 7, 25, 17, 27, 24, 9, 22, 2], -105.48, [[0, 8, 6, 18, 11, 26, 19, 0], [-2, 13, 21, 12, 3, 15, 20, 23, 10, 1, 16, 5, 14, -2], [0, 4, 7, 25, 17, 27, 24, 9, 22, 2, 0]], [75, 75, 75], [11, 7, 14])
 [-148.41, -140.4, -139.53, -139.11, -137.08, -130.37, -130.32, -128.0, -125.86, -122.58, -115.79, -115.59, -105.48]

13:
 ([6, 21, 27, 16, 5, 11, 20, 9, 22, 23, 8, 24, 19, 10, 7, 4, 26, 2, 12, 14, 1, 3, 15, 25, 17, 13, 18], -108.14, [[-1, 6, 21, 27, 16, 5, 11, 20, 9, 22, 23, -1], [0, 8, 24, 19, 10, 7, 4, 0], [-1, 26, 2, -1], [-1, 12, 14, 1, 3, 15, 25, 17, 13, 18, -1]], [75, 75, 40, 75], [9, 4, 8, 7])
 [-168.61, -157.76, -157.05, -155.03, -154.94, -153.29, -146.23, -136.8, -134.52, -127.71, -119.28, -108.14]

14:
 ([12, 20, 3, 25, 26, 1, 11, 5, 2, 13, 9, 4, 22, 17, 24, 8, 21, 7, 18, 23, 14, 16, 10, 19, 6, 15, 27], -115.32, [[-1, 12, 20, 3, 25, 26, 1, 11, 5, 2, -1], [-2, 13, 9, 4, -2], [-1, 22, 17, 24, 8, 21, 7, 18, 23, 14, 16, 10, 19, 6, 15, 27, -1]], [75, 75, 75], [10, 14, 8])
 [-169.16, -149.35, -144.4, -133.28, -118.51, -118.4, -115.32]

15:
 ([13, 22, 20, 21, 18, 25, 17, 14, 1, 27, 24, 6, 9, 2, 12, 8, 11, 15, 4, 10, 16, 19, 23, 5, 26, 3, 7], -117.07, [[-2, 13, 22, -2], [-1, 20, 21, 18, 25, 17, 14, 1, 27, 24, 6, 9, 2, 12, -1], [0, 8, 11, 15, 4, 10, 16, 19, 0], [0, 23, 5, 26, 3, 7, 0]], [75, 75, 50, 75], [14, 8, 5, 1])
 [-181.73, -151.92, -146.85, -146.16, -143.3, -132.81, -122.94, -117.07]

16:
 ([18, 26, 15, 20, 9, 4, 12, 1, 13, 16, 14, 23, 5, 19, 8, 6, 22, 21, 7, 17, 3, 2, 24, 11, 10, 27, 25], -109.36, [[-1, 18, 26, 15, 20, 9, 4, 12, -1], [0, 1, 13, 16, 14, 23, 5, 19, 0], [0, 8, 6, 0], [-1, 22, 21, 7, 17, 3, 2, 24, 11, 10, 27, 25, -1]], [75, 75, 40, 75], [11, 13, 7, 7])
 [-164.86, -159.6, -154.05, -146.5, -139.73, -131.27, -124.4, -119.78, -116.62, -109.36]

17:
 ([8, 21, 20, 25, 22, 9, 12, 7, 18, 19, 24, 27, 11, 1, 16, 2, 15, 26, 14, 17, 4, 6, 23, 10, 13, 5, 3], -112.37, [[0, 8, 21, 20, 25, 0], [-1, 22, 9, 12, -1], [0, 7, 18, 19, 24, 27, 11, 1, 16, 2, 15, 26, 14, 17, 4, 0], [-1, 6, 23, 10, 13, 5, 3, -1]], [50, 75, 75, 75], [4, 12, 3, 13])
 [-172.82, -160.18, -147.09, -146.98, -135.2, -129.26, -123.56, -123.25, -112.37]

18:
 ([12, 15, 20, 22, 2, 4, 24, 14, 26, 18, 3, 17, 23, 1, 9, 6, 8, 27, 21, 7, 19, 10, 13, 16, 5, 11, 25], -102.83, [[-1, 12, 15, 20, 22, 2, -1], [0, 4, 24, 14, 26, 18, 3, 17, 23, 1, 9, 6, 8, 0], [-1, 27, 21, 7, 19, 10, 13, 16, 5, 11, 25, -1]], [75, 75, 75], [6, 10, 11])
 [-147.98, -147.25, -140.02, -135.75, -135.01, -126.48, -102.83]

19:
 ([12, 8, 21, 7, 22, 20, 5, 19, 9, 11, 1, 27, 13, 3, 17, 4, 23, 18, 25, 16, 10, 6, 15, 26, 14, 24, 2], -112.88, [[-1, 12, 8, 21, 7, 22, -1], [-1, 20, 5, 19, 9, 11, 1, 27, -1], [-2, 13, 3, 17, 4, 23, 18, 25, 16, 10, -2], [-1, 6, 15, 26, 14, 24, 2, -1]], [75, 50, 75, 75], [12, 1, 10, 10])
 [-171.66, -169.25, -145.07, -136.22, -135.97, -134.92, -132.99, -129.05, -128.75, -120.16, -119.78, -112.88]

20:
 ([18, 20, 21, 13, 17, 7, 27, 16, 11, 1, 22, 26, 24, 12, 2, 9, 19, 10, 25, 6, 3, 4, 15, 14, 23, 5, 8], -117.75, [[-1, 18, 20, 21, 13, 17, 7, 27, 16, 11, 1, -1], [-1, 22, 26, 24, -1], [-1, 12, 2, 9, 19, 10, 25, 6, 3, -1], [0, 4, 15, 14, 23, 5, 8, 0]], [75, 75, 75, 75], [8, 14, 14, 4])
 [-191.21, -179.3, -149.85, -138.31, -120.27, -117.75]

