1:
 ([3, 1, 5, 7, 4, 8, 6, 2], -27.86, [[0, 3, 1, 5, 7, 4, 8, 6, 2, 0]], [75], [0])
 [-62.71, -55.2, -51.51, -35.09, -34.22, -29.4, -27.86]

2:
 ([5, 7, 4, 2, 3, 1, 8, 6], -26.59, [[-1, 5, 7, 4, 2, 3, 1, 8, 6, -1]], [75], [8])
 [-55.87, -46.05, -45.33, -39.14, -34.92, -33.13, -32.35, -31.35, -28.86, -26.59]

3:
 ([7, 4, 8, 6, 2, 3, 1, 5], -28.12, [[-1, 7, 4, 8, 6, 2, 3, 1, 5, -1]], [75], [9])
 [-57.38, -35.77, -32.14, -31.78, -31.53, -30.34, -29.84, -28.12]

4:
 ([6, 8, 4, 2, 1, 3, 7, 5], -28.12, [[-1, 6, 8, 4, 2, 1, 3, 7, 5, -1]], [75], [8])
 [-54.09, -48.13, -46.49, -35.44, -33.16, -30.49, -30.22, -28.74, -28.64, -28.12]

5:
 ([1, 2, 3, 5, 7, 4, 8, 6], -28.74, [[-1, 1, 2, 3, 5, 7, 4, 8, 6, -1]], [75], [0])
 [-48.48, -43.83, -36.36, -34.48, -32.63, -28.74]

6:
 ([3, 1, 5, 7, 4, 8, 6, 2], -27.86, [[0, 3, 1, 5, 7, 4, 8, 6, 2, 0]], [75], [0])
 [-54.11, -44.12, -38.65, -32.81, -29.23, -28.85, -28.74, -27.86]

7:
 ([8, 6, 2, 4, 7, 5, 1, 3], -27.61, [[0, 8, 6, 2, 4, 7, 5, 1, 3, 0]], [75], [9])
 [-50.47, -41.19, -38.83, -31.48, -29.97, -27.61]

8:
 ([1, 3, 2, 6, 8, 4, 7, 5], -27.44, [[-1, 1, 3, 2, 6, 8, 4, 7, 5, -1]], [75], [0])
 [-63.07, -56.62, -37.87, -35.13, -34.51, -33.6, -32.56, -31.54, -31.36, -30.64, -30.05, -27.44]

9:
 ([5, 7, 4, 8, 6, 2, 3, 1], -27.44, [[-1, 5, 7, 4, 8, 6, 2, 3, 1, -1]], [75], [6])
 [-46.71, -41.7, -35.0, -33.46, -32.96, -32.85, -31.34, -29.48, -29.23, -27.44]

10:
 ([6, 2, 4, 8, 1, 3, 7, 5], -28.86, [[-1, 6, 2, 4, 8, 1, 3, 7, 5, -1]], [75], [8])
 [-34.18, -33.23, -33.03, -32.68, -31.48, -31.07, -30.64, -30.05, -28.86]

11:
 ([5, 1, 2, 3, 7, 4, 8, 6], -28.85, [[-1, 5, 1, 2, 3, 7, 4, 8, 6, -1]], [75], [0])
 [-47.86, -42.34, -32.9, -28.85]

12:
 ([3, 2, 6, 1, 5, 7, 4, 8], -29.97, [[0, 3, 2, 6, 1, 5, 7, 4, 8, 0]], [75], [2])
 [-53.41, -37.39, -34.69, -33.62, -31.71, -29.97]

13:
 ([1, 5, 7, 3, 2, 4, 8, 6], -28.09, [[-1, 1, 5, 7, 3, 2, 4, 8, 6, -1]], [75], [0])
 [-43.59, -40.23, -38.93, -33.6, -31.45, -31.35, -29.23, -28.09]

14:
 ([8, 6, 2, 4, 7, 5, 1, 3], -27.61, [[0, 8, 6, 2, 4, 7, 5, 1, 3, 0]], [75], [9])
 [-45.47, -38.02, -35.36, -33.87, -33.85, -32.61, -27.61]

15:
 ([7, 4, 8, 6, 2, 3, 5, 1], -29.84, [[-1, 7, 4, 8, 6, 2, 3, 5, 1, -1]], [75], [9])
 [-44.75, -43.62, -38.92, -38.15, -37.89, -30.25, -30.04, -29.84]

16:
 ([6, 8, 2, 4, 7, 5, 3, 1], -28.76, [[-1, 6, 8, 2, 4, 7, 5, 3, 1, -1]], [75], [9])
 [-56.88, -53.06, -38.88, -36.66, -33.51, -31.52, -30.89, -30.69, -29.4, -29.23, -28.76]

17:
 ([1, 2, 3, 5, 7, 4, 8, 6], -28.74, [[-1, 1, 2, 3, 5, 7, 4, 8, 6, -1]], [50], [0])
 [-41.7, -41.61, -39.03, -37.8, -36.49, -35.48, -28.74]

18:
 ([1, 3, 2, 6, 8, 4, 7, 5], -27.44, [[-1, 1, 3, 2, 6, 8, 4, 7, 5, -1]], [75], [0])
 [-53.94, -47.58, -43.67, -36.73, -32.47, -30.05, -29.73, -27.44]

19:
 ([2, 4, 7, 5, 3, 1, 8, 6], -27.58, [[0, 2, 4, 7, 5, 3, 1, 8, 0], [-1, 6, -1]], [75, 75], [11, 0])
 [-54.91, -53.33, -51.98, -49.63, -44.69, -32.05, -31.75, -30.03, -29.73, -29.43, -27.58]

20:
 ([7, 5, 1, 3, 2, 4, 8, 6], -26.94, [[-1, 7, 5, 1, 3, 2, 4, 8, 6, -1]], [75], [1])
 [-48.43, -32.98, -30.74, -28.09, -26.94]

