1:
 ([22, 9, 3, 17, 13, 21, 8, 5, 19, 6, 18, 23, 1, 11, 16, 4, 14, 26, 2, 12, 10, 27, 24, 25, 20, 15, 7], -116.42, [[-1, 22, 9, 3, 17, 13, 21, 8, 5, 19, 6, 18, 23, 1, 11, 16, 4, -1], [-2, 14, -2], [-1, 26, 2, -1], [-1, 12, 10, 27, 24, 25, 20, 15, 7, -1]], [75, 40, 40, 75], [11, 4, 8, 8])
 [-164.07, -161.91, -142.9, -133.51, -130.41, -120.87, -116.42]

2:
 ([5, 13, 21, 19, 26, 27, 11, 17, 14, 1, 16, 15, 25, 22, 12, 10, 7, 24, 9, 8, 6, 18, 4, 20, 3, 23, 2], -110.15, [[-1, 5, 13, 21, 19, 26, 27, 11, 17, 14, 1, 16, 15, 25, -1], [-1, 22, -1], [-1, 12, 10, 7, 24, 9, 8, 6, 18, -1], [0, 4, 20, 3, 23, 2, 0]], [75, 40, 75, 40], [8, 7, 12, 5])
 [-182.36, -152.5, -145.88, -142.89, -136.56, -135.45, -133.58, -132.33, -125.87, -119.94, -119.61, -113.83, -110.15]

3:
 ([24, 15, 14, 18, 13, 10, 9, 2, 3, 12, 16, 5, 20, 25, 26, 4, 17, 22, 23, 8, 19, 27, 21, 7, 11, 1, 6], -112.18, [[0, 24, 15, 14, 18, 13, 10, 0], [-1, 9, 2, 3, 12, 16, 5, 20, 25, 26, -1], [0, 4, 17, 22, 23, 8, 19, 27, 21, 7, 11, 1, 6, 0]], [75, 75, 75], [2, 10, 12])
 [-165.15, -145.34, -128.59, -125.55, -123.58, -112.18]

4:
 ([23, 2, 26, 3, 24, 27, 21, 10, 16, 4, 6, 20, 7, 15, 8, 5, 13, 17, 22, 12, 1, 11, 19, 14, 9, 18, 25], -112.24, [[0, 23, 2, 0], [-1, 26, 3, 24, 27, 21, 10, 16, 4, 6, -1], [-1, 20, 7, 15, 8, 5, 13, 17, 22, -1], [-1, 12, 1, 11, 19, 14, 9, 18, 25, -1]], [40, 75, 75, 75], [0, 8, 10, 7])
 [-195.41, -179.82, -162.0, -152.44, -147.21, -144.62, -142.99, -139.96, -130.33, -123.54, -116.82, -116.08, -113.07, -112.24]

5:
 ([12, 8, 4, 6, 5, 9, 2, 3, 10, 16, 20, 23, 11, 7, 21, 1, 18, 26, 15, 22, 13, 17, 27, 25, 14, 24, 19], -108.64, [[-1, 12, 8, 4, 6, -1], [-1, 5, 9, 2, 3, 10, 16, 20, 23, 11, 7, 21, 1, 18, 26, 15, 22, -1], [-2, 13, 17, 27, 25, 14, 24, 19, -2]], [75, 75, 75], [13, 7, 14])
 [-171.98, -162.99, -159.72, -159.3, -136.77, -124.65, -122.44, -116.47, -116.26, -112.52, -108.64]

6:
 ([3, 2, 23, 18, 9, 22, 7, 21, 1, 11, 8, 24, 4, 17, 25, 5, 26, 15, 12, 20, 16, 14, 19, 6, 10, 27, 13], -100.35, [[-2, 3, 2, 23, 18, 9, 22, 7, 21, 1, 11, 8, 24, -2], [0, 4, 17, 25, 5, 26, 15, 12, 20, 16, 14, 19, 0], [-1, 6, 10, 27, -1], [-2, 13, -2]], [75, 75, 50, 75], [7, 11, 10, 7])
 [-162.75, -148.59, -148.51, -148.49, -144.12, -140.05, -123.89, -115.89, -100.35]

7:
 ([8, 21, 13, 19, 26, 23, 1, 7, 11, 3, 17, 27, 24, 2, 20, 9, 12, 5, 4, 16, 22, 6, 10, 25, 14, 15, 18], -107.48, [[0, 8, 21, 13, 19, 0], [-1, 26, 23, 1, 7, 11, 3, 17, 27, 24, 2, 20, 9, -1], [-1, 12, 5, 4, 16, 22, -1], [-1, 6, 10, 25, 14, 15, 18, -1]], [50, 75, 75, 75], [7, 9, 10, 15])
 [-162.87, -157.86, -137.56, -134.27, -129.37, -127.78, -120.1, -116.38, -113.55, -112.77, -107.48]

8:
 ([4, 22, 25, 10, 7, 2, 3, 26, 11, 5, 8, 21, 13, 24, 14, 12, 16, 1, 18, 9, 6, 15, 20, 23, 17, 27, 19], -99.1, [[0, 4, 22, 25, 0], [0, 10, 7, 2, 3, 26, 11, 5, 8, 21, 13, 24, 14, 12, 16, 0], [0, 1, 18, 9, 6, 15, 20, 23, 17, 27, 19, 0]], [75, 75, 75], [14, 12, 7])
 [-150.46, -140.09, -135.77, -128.5, -122.45, -118.34, -116.61, -112.9, -112.58, -99.1]

9:
 ([8, 21, 20, 14, 15, 4, 10, 1, 6, 19, 24, 16, 13, 5, 2, 3, 17, 11, 7, 9, 18, 23, 22, 25, 27, 26, 12], -111.14, [[0, 8, 21, 20, 14, 15, 4, 10, 1, 0], [-1, 6, 19, 24, 16, 13, 5, 2, 3, 17, 11, 7, 9, 18, 23, 22, 25, -1], [-1, 27, 26, 12, -1]], [75, 75, 75], [9, 4, 11])
 [-149.46, -141.26, -125.99, -125.39, -124.72, -124.36, -119.73, -117.59, -111.14]

10:
 ([15, 21, 8, 20, 17, 22, 16, 25, 13, 6, 9, 23, 18, 5, 4, 7, 11, 1, 12, 2, 3, 19, 10, 27, 24, 14, 26], -106.24, [[-1, 15, 21, 8, 20, 17, 22, 16, 25, -1], [-2, 13, 6, 9, 23, 18, -2], [-1, 5, 4, 7, 11, 1, 12, 2, 3, 19, 10, 27, 24, 14, 26, -1]], [75, 75, 75], [5, 14, 8])
 [-188.6, -174.75, -160.08, -151.57, -141.4, -129.72, -125.27, -124.63, -118.47, -118.15, -116.27, -106.24]

11:
 ([12, 14, 3, 19, 7, 15, 26, 23, 1, 10, 6, 18, 25, 4, 17, 22, 27, 16, 8, 21, 13, 11, 9, 20, 5, 24, 2], -114.51, [[-1, 12, 14, 3, 19, 7, 15, 26, -1], [0, 23, 1, 10, 6, 18, 25, 0], [0, 4, 17, 22, 0], [-1, 27, 16, 8, 21, 13, 11, 9, 20, 5, 24, 2, -1]], [50, 75, 50, 75], [6, 9, 9, 12])
 [-181.52, -152.23, -151.8, -147.06, -141.62, -140.97, -139.33, -134.57, -132.08, -129.95, -121.91, -115.77, -114.51]

12:
 ([25, 20, 12, 2, 13, 18, 9, 21, 22, 6, 23, 11, 27, 10, 7, 24, 19, 26, 14, 1, 17, 8, 16, 5, 3, 15, 4], -110.29, [[-1, 25, 20, 12, 2, -1], [-2, 13, 18, 9, 21, 22, -2], [-1, 6, 23, 11, 27, 10, 7, 24, 19, 26, 14, 1, 17, 8, -1], [0, 16, 5, 3, 15, 4, 0]], [75, 75, 75, 75], [7, 13, 12, 1])
 [-163.75, -156.81, -140.06, -135.42, -121.94, -118.46, -116.75, -116.28, -113.02, -110.29]

13:
 ([22, 8, 13, 18, 26, 11, 14, 6, 12, 20, 17, 23, 25, 4, 5, 16, 1, 27, 24, 7, 19, 10, 9, 2, 3, 15, 21], -110.13, [[-1, 22, -1], [0, 8, 13, 18, 0], [-1, 26, 11, 14, 6, -1], [-1, 12, 20, 17, 23, 25, 4, 5, 16, 1, 27, 24, 7, 19, 10, 9, 2, 3, 15, -1], [-2, 21, -2]], [40, 75, 75, 75, 75], [7, 10, 13, 7, 0])
 [-163.16, -158.88, -148.76, -137.69, -132.95, -122.14, -115.95, -110.13]

14:
 ([8, 21, 13, 17, 23, 5, 22, 16, 27, 2, 10, 18, 20, 9, 6, 24, 14, 11, 7, 4, 1, 12, 15, 26, 25, 3, 19], -109.75, [[0, 8, 21, 13, 17, 23, 5, 22, 16, 27, 2, 0], [0, 10, 18, 20, 9, 6, 24, 14, 11, 7, 4, 0], [0, 1, 12, 15, 26, 25, 3, 19, 0]], [75, 75, 75], [10, 13, 8])
 [-175.38, -161.63, -159.35, -140.27, -138.65, -133.71, -127.67, -115.75, -109.75]

15:
 ([5, 12, 9, 21, 16, 22, 6, 10, 26, 15, 14, 1, 18, 23, 20, 25, 13, 17, 3, 2, 7, 19, 11, 8, 4, 27, 24], -109.55, [[-1, 5, 12, 9, 21, 16, 22, -1], [-1, 6, 10, 26, 15, 14, 1, 18, -1], [0, 23, 20, 25, 13, 17, 3, 2, 7, 19, 11, 8, 4, 0], [-1, 27, 24, -1]], [75, 75, 75, 50], [6, 15, 9, 2])
 [-181.08, -170.78, -167.03, -162.82, -134.09, -116.4, -114.28, -110.56, -109.55]

16:
 ([11, 25, 17, 27, 24, 7, 4, 8, 9, 20, 15, 12, 19, 14, 1, 18, 13, 5, 26, 6, 3, 2, 23, 16, 10, 22, 21], -93.7, [[-2, 11, 25, 17, 27, 24, 7, 4, -2], [0, 8, 9, 20, 15, 12, 19, 14, 1, 18, 13, 0], [-1, 5, 26, -1], [-1, 6, 3, 2, 23, 16, 10, 22, 21, -1]], [40, 75, 40, 75], [1, 12, 3, 11])
 [-180.09, -178.38, -166.68, -152.44, -150.31, -138.59, -136.53, -134.88, -134.78, -131.92, -125.41, -125.08, -124.79, -123.18, -122.51, -120.05, -118.33, -116.56, -108.34, -93.7]

17:
 ([1, 26, 2, 23, 20, 9, 16, 17, 25, 15, 12, 3, 18, 10, 27, 21, 22, 24, 13, 7, 11, 14, 19, 6, 4, 5, 8], -114.28, [[0, 1, 26, 2, 23, 0], [-1, 20, 9, 16, 17, 25, 15, 12, 3, 18, 10, 27, 21, 22, 24, 13, -1], [0, 7, 11, 14, 19, 6, 4, 5, 8, 0]], [50, 75, 75], [9, 8, 10])
 [-192.96, -162.99, -157.43, -154.95, -152.94, -140.04, -127.89, -118.35, -114.46, -114.28]

18:
 ([4, 8, 1, 17, 13, 25, 15, 26, 11, 3, 20, 12, 19, 10, 14, 23, 2, 5, 27, 16, 24, 7, 21, 22, 6, 9, 18], -105.43, [[0, 4, 8, 1, 17, 13, 0], [-1, 25, 15, 26, 11, 3, 20, 12, 19, 10, 14, 23, 2, 5, 27, 16, 24, 7, 21, 22, -1], [-1, 6, 9, 18, -1]], [75, 75, 50], [13, 7, 7])
 [-186.43, -178.07, -164.38, -154.6, -153.09, -148.24, -144.79, -136.69, -134.64, -132.18, -131.04, -128.03, -126.23, -125.65, -122.98, -117.94, -114.82, -110.0, -105.43]

19:
 ([12, 5, 9, 20, 22, 7, 10, 24, 27, 25, 15, 18, 13, 21, 16, 19, 23, 17, 26, 3, 6, 14, 11, 8, 2, 4, 1], -109.72, [[-1, 12, 5, 9, 20, -1], [-1, 22, 7, 10, 24, 27, 25, 15, 18, 13, 21, 16, 19, -1], [0, 23, 17, 26, 3, 6, 14, 11, 8, 2, 0], [0, 4, 1, 0]], [50, 75, 75, 75], [2, 14, 9, 5])
 [-163.52, -160.84, -146.49, -144.17, -137.15, -137.13, -130.98, -122.47, -120.78, -109.72]

20:
 ([2, 9, 18, 1, 24, 6, 25, 22, 8, 21, 13, 5, 19, 17, 3, 23, 16, 27, 7, 14, 12, 20, 10, 15, 26, 11, 4], -106.99, [[-1, 2, 9, 18, 1, 24, 6, 25, 22, -1], [0, 8, 21, 13, 5, 19, 0], [0, 17, 3, 23, 16, 27, 7, 0], [-2, 14, 12, 20, 10, 15, 26, 11, -2], [0, 4, 0]], [75, 50, 50, 75, 75], [11, 7, 0, 13, 4])
 [-178.7, -138.6, -130.77, -123.88, -110.94, -108.49, -107.58, -106.99]

