1:
 ([5, 26, 23, 10, 1, 11, 7, 14, 20, 3, 2, 8, 24, 27, 17, 25, 15, 13, 18, 6, 19, 4, 22, 21, 9, 16, 12], -103.15, [[-1, 5, 26, -1], [0, 23, 10, 1, 11, 7, 14, 20, 3, 2, 8, 24, 27, 17, 25, 15, 13, 18, 6, 19, 0], [0, 4, 22, 21, 9, 16, 0], [-1, 12, -1]], [40, 75, 75, 75], [3, 10, 12, 2])
 [-168.44, -167.96, -167.01, -146.96, -145.78, -141.54, -137.6, -132.96, -132.5, -131.24, -128.78, -127.11, -120.98, -106.23, -105.35, -103.15]

2:
 ([15, 2, 5, 11, 7, 10, 1, 23, 16, 26, 3, 27, 24, 18, 13, 17, 19, 6, 14, 8, 4, 20, 25, 22, 9, 21, 12], -108.66, [[-1, 15, 2, 5, -1], [-2, 11, 7, 10, 1, 23, 16, 26, 3, 27, 24, 18, 13, 17, 19, 6, 14, -2], [0, 8, 4, 20, 25, 0], [-1, 22, 9, 21, 12, -1]], [50, 75, 75, 75], [0, 12, 11, 10])
 [-193.56, -171.91, -153.92, -144.64, -140.88, -134.46, -132.69, -128.13, -125.61, -118.58, -116.6, -115.22, -110.54, -108.66]

3:
 ([6, 4, 5, 17, 13, 16, 9, 3, 15, 20, 21, 2, 22, 7, 11, 23, 8, 24, 14, 1, 27, 18, 26, 25, 10, 19, 12], -111.4, [[-1, 6, -1], [0, 4, 5, 17, 13, 16, 9, 3, 15, 20, 21, 2, 22, 7, 11, 23, 0], [0, 8, 24, 14, 1, 27, 18, 26, 0], [-1, 25, 10, 19, 12, -1]], [40, 75, 75, 75], [4, 9, 9, 7])
 [-162.08, -162.01, -154.86, -147.2, -139.88, -134.38, -124.61, -115.39, -114.24, -112.79, -111.4]

4:
 ([12, 5, 20, 3, 26, 1, 14, 8, 17, 7, 27, 24, 15, 6, 10, 9, 2, 4, 11, 25, 22, 19, 21, 13, 18, 23, 16], -112.6, [[-1, 12, 5, 20, 3, 26, -1], [0, 1, 14, 8, 17, 7, 27, 24, 15, 6, 10, 9, 2, 0], [0, 4, 11, 25, 22, 19, 21, 13, 18, 23, 16, 0]], [50, 75, 75], [2, 11, 13])
 [-193.12, -164.91, -163.37, -157.22, -144.26, -142.21, -140.74, -136.89, -135.82, -125.78, -125.44, -122.56, -121.11, -120.37, -116.89, -116.85, -112.6]

5:
 ([5, 12, 22, 25, 23, 24, 19, 13, 17, 1, 8, 2, 3, 20, 14, 18, 26, 16, 6, 11, 15, 4, 7, 21, 9, 10, 27], -110.92, [[-1, 5, 12, 22, 25, 23, 24, 19, 13, 17, 1, -1], [0, 8, 2, 3, 20, 14, 18, 26, 16, 0], [-1, 6, 11, 15, 4, 7, 21, 9, 10, 27, -1]], [75, 75, 75], [8, 12, 10])
 [-164.86, -158.76, -149.49, -137.22, -137.07, -136.74, -129.05, -126.59, -125.59, -125.23, -122.61, -121.69, -114.74, -112.47, -110.92]

6:
 ([19, 14, 17, 22, 21, 1, 10, 7, 24, 27, 18, 25, 8, 4, 5, 2, 16, 13, 6, 11, 9, 20, 26, 3, 12, 15, 23], -112.48, [[0, 19, 14, 17, 22, 21, 1, 10, 7, 24, 27, 18, 25, 0], [0, 8, 4, 5, 2, 16, 13, 0], [-1, 6, 11, 9, 20, 26, 3, 12, 15, -1], [0, 23, 0]], [75, 75, 75, 40], [11, 12, 13, 0])
 [-197.2, -159.56, -157.17, -157.08, -152.78, -144.96, -142.79, -138.09, -131.02, -126.97, -123.02, -119.86, -112.48]

7:
 ([12, 23, 1, 21, 19, 13, 10, 3, 17, 27, 24, 2, 9, 20, 18, 14, 11, 4, 5, 8, 16, 6, 25, 26, 22, 7, 15], -104.26, [[-1, 12, 23, 1, 21, -1], [0, 19, 13, 10, 3, 17, 27, 24, 2, 9, 20, 18, 14, 11, 4, 5, 8, 16, 0], [-1, 6, 25, 26, -1], [-1, 22, 7, 15, -1]], [40, 75, 75, 75], [2, 8, 14, 10])
 [-203.6, -169.6, -166.55, -162.11, -150.49, -140.3, -129.41, -121.12, -114.78, -107.43, -104.26]

8:
 ([19, 1, 16, 27, 5, 4, 11, 25, 10, 7, 2, 26, 14, 12, 9, 13, 21, 23, 22, 20, 3, 17, 6, 18, 24, 8, 15], -116.12, [[0, 19, 1, 16, 27, 5, 4, 11, 25, 10, 7, 2, 0], [-1, 26, 14, 12, -1], [-1, 9, 13, 21, 23, 22, -1], [-1, 20, 3, 17, 6, 18, 24, 8, 15, -1]], [75, 75, 75, 75], [10, 13, 12, 1])
 [-162.41, -146.84, -143.67, -129.47, -124.66, -123.87, -117.8, -117.68, -117.37, -116.12]

9:
 ([9, 20, 11, 3, 4, 16, 13, 5, 17, 23, 18, 19, 10, 27, 8, 6, 24, 14, 12, 2, 7, 21, 1, 22, 25, 26, 15], -108.14, [[-1, 9, 20, 11, 3, 4, 16, 13, 5, 17, 23, 18, 19, 10, 27, -1], [0, 8, 6, 24, 14, 12, 2, 7, 21, 1, 0], [-1, 22, -1], [-1, 25, 26, 15, -1]], [75, 75, 40, 75], [10, 10, 7, 10])
 [-168.36, -157.64, -139.43, -131.13, -130.37, -127.62, -115.66, -113.75, -113.16, -108.14]

10:
 ([2, 8, 19, 15, 25, 6, 11, 1, 27, 17, 23, 10, 12, 16, 7, 24, 22, 4, 13, 5, 3, 26, 21, 9, 20, 14, 18], -110.61, [[-1, 2, 8, 19, 15, 25, 6, 11, 1, 27, 17, 23, 10, 12, 16, -1], [0, 7, 24, 22, 4, 0], [-2, 13, 5, 3, 26, 21, 9, 20, 14, 18, -2]], [75, 75, 75], [7, 7, 11])
 [-167.68, -146.84, -137.76, -137.24, -137.1, -132.76, -132.06, -125.58, -110.61]

11:
 ([4, 9, 2, 22, 17, 19, 5, 20, 21, 13, 24, 7, 16, 10, 3, 15, 12, 23, 26, 14, 11, 6, 18, 27, 8, 1, 25], -102.56, [[0, 4, 9, 2, 0], [-1, 22, 17, 19, 5, 20, 21, 13, 24, 7, 16, 10, 3, 15, -1], [-1, 12, 23, 26, 14, 11, 6, 18, -1], [-1, 27, 8, 1, 25, -1]], [75, 75, 75, 75], [8, 7, 13, 9])
 [-182.52, -164.65, -158.79, -158.4, -157.67, -153.36, -146.27, -137.93, -129.01, -127.42, -122.45, -119.86, -112.26, -111.25, -102.56]

12:
 ([4, 17, 23, 1, 14, 12, 27, 19, 26, 22, 25, 16, 10, 11, 24, 9, 2, 7, 20, 15, 5, 21, 13, 6, 18, 3, 8], -114.77, [[0, 4, 17, 23, 1, 14, 12, 27, 19, 0], [-1, 26, 22, -1], [-1, 25, 16, 10, 11, 24, 9, 2, 7, 20, 15, 5, -1], [-2, 21, 13, 6, 18, 3, 8, -2]], [75, 75, 75, 75], [9, 14, 8, 8])
 [-177.04, -169.98, -168.96, -165.17, -162.07, -161.26, -147.99, -145.21, -140.12, -132.35, -118.92, -114.77]

13:
 ([11, 26, 18, 14, 5, 12, 2, 22, 17, 3, 23, 10, 9, 21, 1, 8, 7, 25, 4, 16, 15, 20, 6, 27, 24, 19, 13], -105.33, [[-2, 11, 26, 18, 14, 5, 12, 2, -2], [-1, 22, 17, 3, 23, 10, 9, 21, 1, 8, -1], [0, 7, 25, 4, 16, 15, 20, 6, 27, 24, 19, 13, 0]], [75, 50, 75], [8, 7, 13])
 [-164.78, -153.55, -137.8, -133.82, -129.7, -128.38, -126.94, -124.4, -120.48, -115.21, -109.57, -105.33]

14:
 ([13, 17, 3, 23, 22, 14, 4, 16, 25, 18, 9, 20, 5, 8, 21, 15, 27, 26, 1, 10, 6, 19, 24, 2, 7, 11, 12], -101.52, [[-2, 13, 17, 3, 23, 22, 14, -2], [0, 4, 16, 25, 18, 9, 20, 5, 8, 21, 15, 27, 26, 0], [0, 1, 10, 6, 19, 24, 2, 7, 11, 0], [-1, 12, -1]], [75, 75, 50, 75], [10, 11, 9, 2])
 [-176.73, -175.21, -157.7, -152.18, -149.66, -148.14, -130.2, -123.1, -116.73, -113.51, -101.52]

15:
 ([27, 10, 1, 11, 3, 26, 22, 24, 6, 21, 7, 18, 13, 2, 15, 16, 14, 19, 12, 5, 17, 20, 25, 23, 9, 4, 8], -115.18, [[-1, 27, 10, 1, 11, 3, 26, -1], [-1, 22, 24, 6, 21, 7, 18, 13, 2, 15, 16, 14, 19, 12, 5, 17, 20, 25, -1], [0, 23, 9, 4, 8, 0]], [40, 75, 75], [8, 11, 8])
 [-183.67, -177.57, -172.19, -166.77, -165.82, -160.11, -152.99, -135.09, -119.63, -118.84, -117.96, -116.98, -116.04, -115.18]

16:
 ([14, 5, 20, 23, 26, 3, 12, 25, 15, 18, 2, 9, 21, 6, 4, 17, 13, 16, 10, 8, 11, 27, 1, 22, 7, 24, 19], -110.5, [[-2, 14, 5, 20, 23, 26, 3, -2], [-1, 12, 25, 15, 18, 2, 9, 21, 6, -1], [0, 4, 17, 13, 16, 10, 0], [0, 8, 11, 27, 1, 22, 7, 24, 19, 0]], [50, 50, 75, 75], [6, 5, 14, 14])
 [-169.17, -130.86, -127.46, -116.4, -110.58, -110.5]

17:
 ([1, 26, 2, 15, 21, 8, 4, 5, 19, 7, 11, 27, 24, 12, 20, 9, 10, 3, 23, 22, 25, 6, 14, 18, 13, 17, 16], -105.26, [[0, 1, 26, 2, 15, 21, 8, 4, 5, 19, 7, 11, 27, 24, 0], [-1, 12, 20, 9, 10, 3, 23, 22, -1], [-1, 25, 6, -1], [-2, 14, 18, 13, 17, 16, -2]], [75, 75, 40, 75], [9, 11, 7, 10])
 [-157.84, -153.35, -143.66, -141.68, -134.98, -131.93, -125.98, -123.92, -114.85, -109.9, -105.26]

18:
 ([16, 2, 22, 23, 8, 21, 9, 20, 1, 11, 13, 17, 12, 19, 14, 18, 25, 15, 4, 6, 27, 24, 7, 10, 3, 26, 5], -107.29, [[0, 16, 2, 22, 23, 0], [0, 8, 21, 9, 20, 1, 11, 0], [-2, 13, 17, 12, 19, 14, 18, -2], [-1, 25, 15, 4, 6, 27, 24, 7, 10, 3, 26, 5, -1]], [50, 50, 50, 75], [9, 5, 8, 11])
 [-205.65, -182.42, -173.22, -161.16, -151.72, -147.46, -146.27, -143.65, -142.01, -138.64, -136.93, -135.65, -131.28, -124.2, -120.79, -111.25, -109.31, -107.29]

19:
 ([19, 9, 13, 5, 11, 3, 2, 12, 20, 10, 18, 25, 15, 26, 16, 4, 7, 24, 27, 21, 6, 8, 22, 17, 23, 1, 14], -105.51, [[0, 19, 9, 13, 5, 11, 3, 2, 12, 20, 10, 18, 25, 15, 26, 0], [0, 16, 4, 7, 24, 27, 21, 6, 8, 0], [-1, 22, 17, 23, 1, 14, -1]], [75, 75, 75], [9, 8, 8])
 [-130.32, -127.32, -115.12, -108.76, -106.08, -105.51]

20:
 ([12, 3, 11, 14, 19, 10, 16, 15, 23, 6, 18, 1, 13, 24, 17, 27, 2, 26, 5, 20, 8, 21, 9, 7, 25, 4, 22], -107.1, [[-1, 12, 3, 11, 14, 19, 10, 16, 15, -1], [0, 23, 6, 18, 1, 13, 24, 17, 27, 2, 26, 5, 20, 0], [0, 8, 21, 9, 7, 25, 4, 0], [-1, 22, -1]], [40, 75, 75, 75], [2, 10, 13, 7])
 [-180.55, -164.31, -159.6, -138.6, -133.69, -129.03, -119.74, -112.13, -108.96, -107.1]

