1:
 ([6, 8, 4, 7, 5, 3, 1, 2], -29.11, [[-1, 6, 8, 4, 7, 5, 3, 1, 2, -1]], [75], [3])
 [-37.47, -33.29, -32.24, -31.53, -29.11]

2:
 ([2, 6, 8, 4, 7, 5, 1, 3], -27.86, [[0, 2, 6, 8, 4, 7, 5, 1, 3, 0]], [75], [9])
 [-41.39, -38.29, -37.64, -33.99, -32.81, -32.72, -31.84, -31.64, -31.29, -30.17, -27.86]

3:
 ([6, 8, 4, 7, 5, 1, 3, 2], -28.61, [[-1, 6, 8, 4, 7, 5, 1, -1], [0, 3, 2, 0]], [50, 75], [3, 2])
 [-44.07, -33.7, -30.22, -28.61]

4:
 ([6, 8, 4, 7, 5, 1, 3, 2], -27.36, [[-1, 6, 8, 4, 7, 5, 1, 3, 2, -1]], [75], [3])
 [-47.45, -41.34, -40.59, -40.31, -38.25, -35.29, -35.25, -34.34, -31.62, -30.59, -30.52, -28.86, -27.36]

5:
 ([2, 6, 8, 4, 7, 5, 1, 3], -27.86, [[0, 2, 6, 8, 4, 7, 5, 1, 3, 0]], [75], [9])
 [-52.76, -48.94, -41.52, -36.05, -35.6, -33.29, -29.48, -27.86]

6:
 ([6, 8, 4, 7, 5, 3, 2, 1], -28.74, [[-1, 6, 8, 4, 7, 5, 3, 2, 1, -1]], [40], [3])
 [-55.76, -53.02, -49.14, -48.23, -38.55, -36.18, -35.56, -35.38, -31.93, -29.43, -28.74]

7:
 ([7, 5, 1, 3, 2, 4, 8, 6], -26.94, [[-1, 7, 5, 1, 3, 2, 4, 8, 6, -1]], [75], [1])
 [-40.18, -39.52, -38.6, -33.16, -31.73, -28.47, -26.94]

8:
 ([5, 7, 4, 8, 6, 2, 3, 1], -27.44, [[-1, 5, 7, 4, 8, 6, 2, 3, 1, -1]], [75], [6])
 [-53.9, -47.53, -45.06, -38.81, -27.44]

9:
 ([1, 8, 4, 7, 5, 3, 2, 6], -29.48, [[-1, 1, 8, 4, 7, 5, 3, 2, 6, -1]], [75], [0])
 [-59.62, -37.99, -34.91, -33.04, -30.01, -29.48]

10:
 ([1, 8, 4, 7, 5, 3, 2, 6], -29.48, [[-1, 1, 8, 4, 7, 5, 3, 2, 6, -1]], [75], [0])
 [-42.58, -40.2, -38.48, -35.25, -30.41, -29.93, -29.48]

11:
 ([1, 3, 2, 6, 8, 4, 7, 5], -27.44, [[-1, 1, 3, 2, 6, 8, 4, 7, 5, -1]], [75], [0])
 [-56.65, -38.93, -36.94, -34.91, -32.33, -30.37, -29.13, -27.44]

12:
 ([6, 8, 1, 3, 2, 4, 7, 5], -26.59, [[-1, 6, 8, 1, 3, 2, 4, 7, 5, -1]], [75], [0])
 [-57.21, -55.6, -49.28, -39.46, -34.82, -34.4, -33.61, -31.8, -26.94, -26.59]

13:
 ([3, 1, 5, 7, 4, 8, 6, 2], -27.86, [[0, 3, 1, 5, 7, 4, 8, 6, 2, 0]], [75], [0])
 [-61.35, -44.57, -41.47, -41.16, -37.67, -36.31, -36.1, -35.07, -33.91, -32.35, -32.17, -27.86]

14:
 ([8, 4, 7, 5, 1, 6, 2, 3], -29.97, [[0, 8, 4, 7, 5, 1, 6, 2, 3, 0]], [75], [6])
 [-44.55, -44.37, -38.59, -36.51, -33.58, -33.4, -29.97]

15:
 ([5, 7, 4, 8, 6, 2, 3, 1], -27.44, [[-1, 5, 7, 4, 8, 6, 2, 3, 1, -1]], [75], [6])
 [-54.55, -48.55, -47.96, -43.93, -42.89, -36.5, -36.12, -35.94, -32.91, -27.61, -27.44]

16:
 ([8, 6, 1, 5, 7, 4, 2, 3], -28.8, [[0, 8, 6, 1, 5, 7, 4, 2, 3, 0]], [75], [1])
 [-54.7, -42.51, -36.25, -34.15, -32.95, -30.33, -30.16, -28.8]

17:
 ([1, 3, 2, 6, 8, 4, 7, 5], -27.44, [[-1, 1, 3, 2, 6, 8, 4, 7, 5, -1]], [75], [0])
 [-46.64, -41.93, -37.67, -32.47, -30.75, -29.38, -27.44]

18:
 ([7, 4, 8, 6, 2, 3, 1, 5], -28.12, [[-1, 7, 4, 8, 6, 2, 3, 1, 5, -1]], [75], [9])
 [-49.82, -49.48, -40.39, -33.58, -31.7, -30.3, -28.12]

19:
 ([6, 8, 2, 4, 7, 5, 3, 1], -28.76, [[-1, 6, 8, 2, 4, 7, 5, 3, 1, -1]], [75], [9])
 [-56.87, -49.05, -43.45, -41.99, -32.22, -31.75, -30.8, -30.33, -28.76]

20:
 ([5, 1, 2, 3, 7, 4, 8, 6], -28.85, [[-1, 5, 1, 2, 3, 7, 4, 8, 6, -1]], [75], [0])
 [-37.95, -30.34, -28.85]

