1:
 ([3, 1, 5, 7, 4, 2, 6, 8], -27.61, [[0, 3, 1, 5, 7, 4, 2, 6, 8, 0]], [75], [0])
 [-42.29, -41.1, -37.08, -32.12, -28.14, -27.61]

2:
 ([6, 8, 1, 3, 2, 4, 7, 5], -26.59, [[-1, 6, 8, 1, 3, 2, 4, 7, 5, -1]], [75], [0])
 [-45.58, -43.46, -41.37, -40.88, -39.52, -38.21, -34.02, -33.53, -31.76, -31.2, -29.93, -29.66, -27.76, -26.59]

3:
 ([1, 3, 2, 6, 8, 4, 7, 5], -27.44, [[-1, 1, 3, 2, 6, 8, 4, 7, 5, -1]], [75], [0])
 [-57.8, -54.26, -44.58, -35.76, -32.85, -31.54, -31.42, -28.12, -27.44]

4:
 ([3, 1, 5, 7, 4, 2, 6, 8], -27.61, [[0, 3, 1, 5, 7, 4, 2, 6, 8, 0]], [75], [0])
 [-47.64, -41.12, -34.87, -34.69, -29.43, -27.61]

5:
 ([7, 5, 3, 1, 2, 4, 8, 6], -28.69, [[-1, 7, 5, 3, 1, 2, 4, 8, 6, -1]], [75], [1])
 [-55.12, -53.23, -46.97, -41.43, -36.46, -30.43, -28.69]

6:
 ([6, 8, 4, 2, 3, 1, 5, 7], -26.94, [[-1, 6, 8, 4, 2, 3, 1, 5, 7, -1]], [75], [8])
 [-43.29, -42.4, -41.25, -36.65, -36.19, -33.73, -31.28, -27.86, -26.94]

7:
 ([5, 1, 3, 7, 4, 2, 8, 6], -28.87, [[-1, 5, 1, 3, 7, 4, 2, 8, 6, -1]], [75], [0])
 [-42.8, -42.61, -38.94, -34.6, -33.21, -31.06, -29.84, -29.64, -28.87]

8:
 ([5, 1, 3, 7, 4, 8, 6, 2], -29.64, [[-1, 5, 1, 3, 7, 4, 8, 6, 2, -1]], [75], [0])
 [-40.36, -36.65, -30.78, -29.93, -29.64]

9:
 ([2, 6, 8, 4, 7, 5, 1, 3], -27.86, [[0, 2, 6, 8, 4, 7, 5, 1, 3, 0]], [75], [9])
 [-50.22, -41.84, -41.5, -36.25, -30.55, -29.43, -29.16, -27.86]

10:
 ([2, 6, 8, 4, 7, 5, 1, 3], -27.86, [[0, 2, 6, 8, 4, 7, 5, 1, 3, 0]], [75], [9])
 [-40.14, -39.11, -35.49, -30.01, -29.97, -27.86]

11:
 ([5, 7, 4, 8, 1, 3, 2, 6], -27.76, [[-1, 5, 7, 4, 8, 1, 3, 2, 6, -1]], [75], [3])
 [-54.53, -48.54, -47.63, -45.59, -38.99, -35.48, -35.3, -31.11, -30.01, -29.29, -28.12, -27.76]

12:
 ([5, 7, 4, 8, 1, 3, 2, 6], -27.76, [[-1, 5, 7, 4, 8, 1, 3, 2, 6, -1]], [75], [3])
 [-46.47, -46.43, -43.83, -40.2, -32.35, -31.25, -27.76]

13:
 ([6, 8, 1, 3, 2, 4, 5, 7], -29.16, [[-1, 6, 8, 1, 3, 2, 4, 5, 7, -1]], [75], [0])
 [-48.23, -45.21, -44.89, -38.61, -35.89, -34.84, -31.42, -29.16]

14:
 ([6, 8, 1, 3, 2, 4, 7, 5], -26.59, [[-1, 6, 8, 1, 3, 2, 4, 7, 5, -1]], [75], [0])
 [-45.35, -45.07, -44.33, -42.75, -41.98, -41.29, -35.7, -35.41, -34.72, -34.7, -32.85, -30.74, -26.59]

15:
 ([3, 1, 5, 7, 4, 8, 6, 2], -27.86, [[0, 3, 1, 5, 7, 4, 8, 6, 2, 0]], [75], [0])
 [-54.28, -44.39, -40.88, -37.36, -36.04, -34.97, -29.64, -29.48, -29.13, -28.69, -27.86]

16:
 ([1, 3, 2, 6, 8, 4, 5, 7], -30.01, [[-1, 1, 3, 2, 6, 8, 4, 5, 7, -1]], [75], [0])
 [-45.67, -43.94, -39.78, -33.45, -32.88, -32.24, -31.62, -31.42, -30.55, -30.01]

17:
 ([5, 7, 3, 1, 2, 4, 8, 6], -28.12, [[-1, 5, 7, 3, 1, 2, 4, 8, 6, -1]], [75], [0])
 [-48.48, -36.51, -34.0, -28.12]

18:
 ([2, 4, 7, 5, 3, 1, 8, 6], -27.58, [[0, 2, 4, 7, 5, 3, 1, 8, 0], [-1, 6, -1]], [75, 75], [11, 0])
 [-59.62, -47.69, -46.49, -42.8, -40.66, -37.37, -30.76, -30.74, -29.48, -27.58]

19:
 ([1, 2, 3, 5, 7, 4, 8, 6], -28.74, [[-1, 1, 2, 3, 5, 7, 4, 8, 6, -1]], [75], [0])
 [-59.85, -40.46, -35.93, -31.06, -30.3, -29.84, -28.74]

20:
 ([5, 7, 4, 8, 6, 2, 3, 1], -27.44, [[-1, 5, 7, 4, 8, 6, 2, 3, 1, -1]], [75], [6])
 [-43.06, -42.98, -38.76, -34.77, -31.24, -30.8, -29.84, -27.44]

