1:
 ([22, 36, 2, 1, 19, 8, 33, 4, 44, 30, 5, 34, 13, 9, 45, 32, 42, 6, 23, 28, 38, 12, 31, 39, 24, 18, 41, 29, 21, 40, 17, 20, 43, 27, 15, 37, 16, 3, 25, 10, 26, 7, 14, 35, 11], -223.33, [[-3, 22, 36, 2, 1, 19, -3], [-4, 8, 33, 4, 44, 30, 5, -4], [0, 34, 13, 9, 0], [-1, 45, 32, 42, -1], [-2, 6, 23, 28, 38, 12, 31, -2], [-4, 39, 24, 18, 41, 29, 21, 40, 17, 20, 43, 27, 15, 37, 16, -4], [-3, 3, 25, 10, 26, 7, 14, -3], [-4, 35, 11, -4]], [40, 50, 75, 75, 75, 75, 75, 75], [0, 7, 13, 9, 14, 9, 11, 5])
 [-277.07, -264.89, -250.49, -246.34, -228.66, -228.31, -225.35, -223.33]

2:
 ([30, 12, 45, 22, 8, 5, 16, 39, 19, 38, 10, 9, 14, 11, 4, 29, 23, 7, 31, 1, 2, 37, 42, 25, 24, 21, 40, 18, 28, 41, 43, 32, 6, 20, 33, 15, 27, 13, 26, 35, 3, 34, 17, 44, 36], -222.26, [[-3, 30, 12, 45, 22, 8, 5, 16, -3], [-4, 39, 19, 38, 10, 9, -4], [-3, 14, 11, 4, 29, 23, 7, 31, 1, 2, 37, 42, -3], [0, 25, 24, 21, 40, 18, 0], [-1, 28, 41, 43, 32, -1], [-2, 6, 20, 33, 15, 27, 13, -2], [-4, 26, 35, 3, 34, 17, 44, 36, -4]], [75, 50, 75, 75, 75, 75, 75], [8, 8, 9, 12, 10, 11, 13])
 [-290.59, -276.26, -247.75, -235.52, -229.46, -225.47, -225.02, -222.26]

3:
 ([36, 3, 14, 27, 15, 6, 18, 8, 23, 34, 41, 20, 40, 19, 24, 45, 12, 31, 37, 21, 9, 33, 26, 43, 17, 25, 39, 44, 32, 1, 22, 2, 10, 35, 29, 28, 11, 38, 5, 13, 4, 7, 30, 42, 16], -210.08, [[-4, 36, 3, 14, 27, -4], [-1, 15, 6, -1], [0, 18, 8, 23, 34, 41, 20, 40, 19, 24, 45, 12, 0], [0, 31, 37, 21, 0], [-1, 9, -1], [-3, 33, 26, 43, 17, 25, 39, 44, 32, 1, 22, 2, 10, 35, 29, 28, 11, 38, -3], [-1, 5, 13, 4, 7, 30, 42, -1], [-3, 16, -3]], [75, 50, 75, 50, 40, 75, 75, 75], [13, 7, 10, 8, 6, 13, 5, 5])
 [-279.53, -272.78, -262.7, -257.66, -253.4, -253.21, -243.24, -233.89, -210.08]

4:
 ([45, 10, 22, 2, 35, 28, 44, 19, 41, 17, 36, 29, 8, 31, 4, 25, 12, 39, 15, 18, 26, 38, 27, 32, 33, 9, 30, 13, 5, 20, 37, 23, 40, 21, 3, 11, 34, 43, 14, 42, 6, 1, 7, 24, 16], -209.06, [[-1, 45, 10, 22, 2, 35, 28, 44, 19, 41, 17, -1], [-4, 36, 29, 8, 31, 4, 25, 12, 39, 15, 18, 26, -4], [-3, 38, 27, -3], [-3, 32, 33, -3], [-1, 9, 30, 13, -1], [-1, 5, 20, 37, 23, 40, 21, 3, 11, -1], [0, 34, 43, 0], [-3, 14, 42, -3], [-2, 6, 1, 7, 24, -2], [-3, 16, -3]], [75, 75, 40, 40, 75, 75, 40, 75, 50, 40], [6, 8, 6, 8, 9, 4, 7, 8, 6, 5])
 [-259.6, -245.42, -244.67, -236.23, -221.95, -209.06]

5:
 ([25, 31, 24, 1, 15, 39, 10, 42, 3, 20, 29, 6, 40, 14, 13, 43, 33, 34, 32, 45, 11, 7, 5, 9, 41, 27, 22, 12, 30, 35, 23, 16, 36, 38, 2, 8, 19, 37, 4, 26, 28, 44, 17, 18, 21], -215.38, [[0, 25, 31, 24, 1, 15, 39, 10, 42, 0], [-3, 3, 20, 29, 6, 40, 14, -3], [-2, 13, 43, 33, 34, -2], [-3, 32, 45, -3], [-1, 11, 7, 5, 9, 41, -1], [-4, 27, 22, 12, 30, 35, 23, 16, 36, 38, 2, -4], [-4, 8, 19, 37, 4, 26, -4], [-1, 28, 44, 17, 18, 21, -1]], [75, 75, 75, 50, 75, 75, 40, 75], [11, 6, 12, 7, 14, 6, 6, 10])
 [-304.26, -240.82, -224.61, -220.91, -215.38]

6:
 ([6, 23, 39, 32, 22, 25, 27, 13, 21, 29, 19, 4, 31, 34, 15, 11, 40, 1, 5, 24, 17, 9, 30, 20, 38, 2, 10, 45, 41, 44, 33, 35, 8, 36, 12, 16, 7, 26, 37, 14, 28, 42, 3, 43, 18], -217.12, [[-2, 6, 23, 39, 32, 22, 25, 27, 13, -2], [-4, 21, 29, 19, 4, 31, 34, 15, -4], [-1, 11, 40, 1, 5, 24, 17, 9, -1], [-3, 30, 20, 38, 2, 10, 45, 41, 44, 33, 35, 8, 36, 12, 16, -3], [0, 7, 26, 37, 14, 0], [-1, 28, 42, 3, 43, -1], [0, 18, 0]], [75, 75, 75, 75, 75, 75, 75], [12, 10, 12, 5, 8, 13, 4])
 [-224.09, -218.44, -217.12]

7:
 ([32, 22, 11, 26, 21, 25, 18, 10, 41, 35, 30, 14, 8, 19, 24, 39, 40, 7, 3, 16, 20, 33, 4, 15, 45, 28, 31, 23, 27, 34, 2, 9, 13, 43, 42, 44, 38, 29, 6, 1, 36, 5, 12, 17, 37], -210.9, [[-3, 32, 22, 11, 26, 21, 25, 18, -3], [-3, 10, 41, 35, 30, 14, -3], [-4, 8, 19, 24, 39, 40, 7, -4], [-3, 3, 16, -3], [-2, 20, 33, 4, 15, 45, 28, -2], [0, 31, 23, 27, 34, 0], [-3, 2, -3], [-1, 9, -1], [-2, 13, 43, 42, 44, 38, 29, 6, 1, 36, 5, 12, 17, 37, -2]], [75, 75, 75, 40, 75, 75, 40, 40, 75], [13, 4, 11, 8, 4, 14, 4, 6, 5])
 [-301.44, -281.55, -246.87, -226.58, -226.1, -210.9]

8:
 ([37, 16, 21, 23, 28, 7, 36, 41, 24, 15, 31, 1, 19, 34, 18, 29, 12, 39, 5, 27, 33, 3, 4, 8, 9, 38, 20, 30, 42, 43, 10, 11, 32, 14, 17, 26, 6, 22, 45, 13, 2, 25, 44, 40, 35], -223.15, [[0, 37, 16, 21, 23, 0], [-1, 28, 7, 36, 41, 24, 15, -1], [0, 31, 1, 19, 34, 0], [0, 18, 29, 12, 39, 5, 27, 0], [-3, 33, 3, 4, 8, 9, 38, 20, 30, -3], [-3, 42, 43, 10, 11, 32, -3], [-3, 14, 17, 26, -3], [-2, 6, 22, 45, 13, -2], [-3, 2, 25, 44, 40, 35, -3]], [40, 75, 75, 75, 75, 75, 50, 40, 75], [7, 8, 13, 8, 12, 6, 7, 6, 7])
 [-273.36, -273.09, -260.9, -247.68, -236.74, -234.59, -225.36, -223.15]

9:
 ([40, 4, 17, 31, 27, 2, 32, 26, 5, 11, 45, 20, 19, 34, 37, 15, 1, 13, 23, 25, 21, 38, 10, 18, 24, 12, 16, 14, 42, 28, 39, 43, 29, 30, 8, 22, 41, 36, 35, 9, 3, 7, 44, 33, 6], -209.04, [[0, 40, 4, 17, 31, 0], [-4, 27, 2, 32, 26, -4], [-1, 5, 11, 45, 20, 19, 34, 37, 15, 1, -1], [-2, 13, 23, 25, 21, 38, 10, 18, 24, 12, 16, -2], [-3, 14, 42, -3], [-1, 28, -1], [-4, 39, 43, 29, 30, 8, 22, 41, 36, 35, 9, 3, -4], [0, 7, 44, 33, 6, 0]], [50, 75, 75, 75, 75, 40, 75, 75], [1, 15, 13, 8, 8, 7, 6, 8])
 [-286.06, -276.28, -256.1, -236.49, -230.83, -229.54, -228.7, -223.99, -217.74, -209.04]

10:
 ([41, 1, 12, 6, 15, 34, 22, 40, 3, 26, 32, 35, 23, 8, 27, 2, 24, 25, 7, 30, 4, 45, 29, 44, 9, 28, 16, 19, 37, 33, 5, 17, 38, 31, 36, 18, 13, 21, 20, 39, 14, 42, 43, 10, 11], -214.99, [[-4, 41, 1, 12, 6, 15, -4], [0, 34, 22, 40, 3, 26, 32, 35, 23, 8, 0], [-4, 27, -4], [-3, 2, 24, 25, 7, 30, 4, 45, 29, 44, 9, -3], [-1, 28, 16, -1], [-3, 19, 37, 33, 5, 17, 38, -3], [0, 31, 36, 18, 13, 0], [-4, 21, 20, 39, 14, 42, 43, 10, 11, -4]], [50, 75, 40, 75, 75, 75, 75, 75], [0, 12, 5, 11, 12, 10, 10, 8])
 [-237.3, -234.64, -233.94, -225.9, -214.99]

11:
 ([30, 5, 34, 18, 20, 17, 32, 26, 4, 38, 1, 11, 43, 36, 31, 15, 10, 8, 12, 37, 16, 24, 44, 21, 27, 19, 29, 40, 2, 39, 3, 9, 45, 13, 41, 6, 35, 23, 7, 25, 33, 42, 14, 28, 22], -203.16, [[-3, 30, 5, -3], [0, 34, 18, 0], [-2, 20, 17, 32, 26, 4, 38, 1, 11, 43, -2], [-4, 36, 31, 15, 10, 8, 12, 37, 16, 24, 44, 21, -4], [-4, 27, 19, 29, 40, 2, 39, -4], [-3, 3, 9, 45, 13, 41, -3], [-2, 6, 35, 23, 7, 25, 33, -2], [-3, 42, 14, -3], [-1, 28, 22, -1]], [40, 50, 40, 75, 75, 75, 75, 75, 50], [6, 10, 0, 7, 11, 13, 13, 8, 7])
 [-261.85, -237.39, -230.45, -225.8, -225.36, -203.16]

12:
 ([23, 10, 33, 21, 9, 32, 12, 31, 37, 17, 28, 34, 27, 35, 14, 38, 3, 26, 39, 44, 18, 16, 4, 1, 2, 45, 42, 7, 36, 41, 22, 43, 13, 11, 24, 40, 20, 6, 8, 29, 15, 30, 5, 25, 19], -212.05, [[-4, 23, 10, 33, 21, 9, -4], [-3, 32, 12, 31, 37, 17, 28, -3], [0, 34, 27, 35, 0], [-3, 14, 38, 3, 26, 39, 44, -3], [0, 18, 16, 4, 1, 2, 45, 42, 7, 0], [-4, 36, 41, -4], [-3, 22, 43, 13, 11, 24, 40, 20, 6, 8, 29, 15, -3], [-3, 30, 5, 25, 19, -3]], [75, 75, 75, 75, 75, 40, 75, 75], [6, 12, 13, 14, 12, 0, 4, 12])
 [-290.06, -265.04, -233.23, -231.1, -225.76, -214.71, -212.05]

13:
 ([8, 33, 26, 2, 34, 31, 1, 11, 35, 27, 28, 10, 25, 21, 45, 20, 13, 22, 40, 24, 16, 5, 30, 3, 12, 15, 29, 7, 9, 4, 44, 38, 41, 18, 17, 43, 19, 14, 36, 6, 37, 23, 39, 32, 42], -207.28, [[-4, 8, 33, 26, 2, -4], [0, 34, 0], [0, 31, 1, 11, 35, 27, 0], [-1, 28, 10, 25, 21, 45, 20, -1], [-2, 13, 22, 40, 24, 16, 5, -2], [-3, 30, 3, 12, 15, 29, 7, 9, 4, 44, 38, 41, 18, 17, 43, 19, -3], [-3, 14, 36, 6, 37, 23, 39, 32, -3], [-3, 42, -3]], [75, 50, 75, 75, 75, 75, 75, 75], [13, 6, 14, 12, 6, 6, 13, 2])
 [-286.6, -252.85, -238.6, -233.8, -233.78, -226.36, -225.64, -217.98, -215.62, -207.28]

14:
 ([5, 13, 42, 38, 21, 36, 34, 17, 11, 20, 44, 7, 29, 10, 25, 39, 37, 28, 24, 16, 33, 41, 1, 18, 12, 35, 31, 4, 26, 9, 27, 3, 32, 30, 14, 22, 45, 2, 19, 23, 15, 6, 8, 43, 40], -220.51, [[-1, 5, 13, 42, 38, 21, 36, -1], [0, 34, 17, 11, 0], [-2, 20, 44, -2], [0, 7, 29, 10, 25, 39, 37, 28, 24, 0], [-3, 16, 33, 41, 1, 18, 12, 35, -3], [0, 31, 4, 26, 9, 27, 0], [-3, 3, 32, -3], [-3, 30, 14, 22, 45, 2, 19, 23, 15, -3], [-2, 6, 8, 43, 40, -2]], [75, 40, 50, 75, 50, 75, 50, 75, 75], [11, 8, 0, 5, 9, 14, 7, 12, 11])
 [-293.77, -285.18, -283.78, -273.99, -265.52, -257.23, -241.88, -232.17, -222.65, -221.71, -221.3, -220.51]

15:
 ([41, 22, 2, 36, 44, 17, 25, 32, 34, 29, 8, 9, 37, 5, 20, 11, 30, 15, 31, 28, 16, 43, 6, 3, 39, 14, 40, 7, 18, 13, 24, 10, 27, 35, 42, 45, 12, 23, 33, 38, 4, 26, 19, 1, 21], -207.8, [[-4, 41, 22, 2, 36, 44, 17, 25, 32, 34, 29, 8, -4], [-1, 9, 37, 5, 20, 11, 30, 15, -1], [0, 31, 0], [-1, 28, -1], [-3, 16, 43, 6, 3, -3], [-4, 39, 14, -4], [0, 40, 7, 0], [0, 18, 13, 24, 10, 27, 35, 0], [-3, 42, 45, 12, 23, 33, 38, 4, 26, 19, 1, 21, -3]], [75, 75, 50, 40, 75, 50, 40, 75, 75], [4, 9, 6, 7, 15, 8, 2, 9, 5])
 [-280.3, -266.32, -259.59, -247.6, -225.96, -212.32, -207.8]

16:
 ([4, 29, 5, 31, 24, 33, 37, 22, 1, 12, 35, 14, 45, 36, 7, 30, 17, 18, 13, 40, 23, 41, 44, 3, 42, 16, 28, 25, 43, 32, 26, 11, 8, 2, 27, 39, 15, 20, 9, 38, 21, 6, 10, 19, 34], -211.12, [[-1, 4, -1], [-1, 29, 5, -1], [0, 31, 24, 33, 37, 22, 1, 12, 35, 14, 45, 36, 7, 0], [-3, 30, 17, 18, 13, 40, 23, 41, 44, 3, 42, -3], [-3, 16, 28, 25, -3], [-1, 43, 32, 26, 11, 8, -1], [-3, 2, 27, -3], [-4, 39, 15, 20, 9, 38, 21, -4], [-2, 6, 10, 19, 34, -2]], [40, 40, 75, 75, 75, 75, 50, 75, 75], [0, 0, 11, 7, 15, 13, 9, 7, 11])
 [-291.49, -286.0, -269.93, -269.4, -260.56, -251.9, -244.23, -226.25, -211.12]

17:
 ([32, 35, 45, 13, 41, 33, 12, 30, 25, 44, 42, 18, 14, 2, 28, 16, 3, 4, 21, 24, 39, 7, 22, 27, 19, 38, 11, 9, 40, 36, 34, 43, 1, 37, 31, 5, 10, 29, 8, 26, 20, 6, 23, 17, 15], -221.53, [[-3, 32, 35, 45, 13, 41, 33, 12, 30, -3], [0, 25, 44, 42, 18, 14, 0], [-3, 2, 28, -3], [-3, 16, 3, 4, 21, 24, -3], [-4, 39, 7, 22, 27, -4], [-3, 19, 38, 11, 9, -3], [0, 40, 36, 34, 43, 1, 37, 31, 0], [-1, 5, 10, 29, 8, 26, 20, 6, 23, 17, 15, -1]], [75, 75, 75, 40, 40, 75, 75, 75], [12, 12, 11, 8, 3, 13, 10, 4])
 [-251.27, -251.19, -249.36, -234.75, -234.39, -221.8, -221.53]

18:
 ([23, 9, 33, 26, 45, 18, 32, 35, 43, 42, 16, 10, 4, 14, 27, 34, 15, 36, 37, 13, 19, 11, 22, 1, 28, 5, 12, 41, 39, 21, 25, 38, 8, 17, 20, 3, 30, 6, 40, 7, 29, 31, 2, 24, 44], -223.49, [[-4, 23, 9, 33, 26, -4], [-1, 45, 18, -1], [-3, 32, 35, 43, 42, -3], [-3, 16, 10, 4, 14, 27, -3], [0, 34, 15, 36, 37, 13, 19, 11, 22, 1, 28, 0], [-1, 5, 12, 41, 39, 21, 25, 38, 8, 17, 20, 3, 30, -1], [-2, 6, -2], [0, 40, 7, 29, 31, 2, 24, 44, 0]], [75, 50, 75, 75, 75, 75, 40, 75], [9, 7, 9, 7, 12, 11, 6, 9])
 [-293.0, -271.29, -252.19, -247.65, -243.27, -242.01, -230.05, -227.45, -226.52, -223.49]

19:
 ([32, 3, 11, 45, 21, 15, 30, 37, 1, 23, 16, 26, 19, 4, 33, 17, 24, 25, 13, 22, 8, 12, 41, 6, 18, 7, 10, 5, 43, 31, 38, 42, 35, 36, 14, 27, 34, 29, 44, 40, 39, 2, 9, 28, 20], -201.93, [[-3, 32, 3, 11, 45, -3], [-4, 21, 15, 30, 37, 1, 23, 16, 26, 19, 4, 33, 17, 24, 25, -4], [-2, 13, 22, 8, 12, 41, 6, -2], [0, 18, 7, 10, 5, 43, 31, 0], [-3, 38, 42, 35, 36, 14, -3], [-4, 27, 34, 29, 44, 40, 39, 2, -4], [-1, 9, 28, 20, -1]], [75, 75, 50, 75, 75, 75, 75], [13, 12, 1, 12, 10, 11, 13])
 [-249.58, -247.69, -231.4, -214.35, -201.93]

20:
 ([9, 40, 6, 25, 44, 31, 20, 29, 34, 16, 24, 39, 7, 38, 23, 10, 37, 28, 17, 33, 1, 5, 13, 2, 41, 27, 19, 21, 35, 42, 43, 22, 45, 4, 11, 36, 8, 32, 26, 3, 30, 15, 18, 12, 14], -216.07, [[-1, 9, 40, 6, -1], [0, 25, 44, 31, 20, 29, 34, 16, 24, 39, 0], [0, 7, 38, 23, 10, 37, 28, 17, 33, 1, 5, 0], [-2, 13, 2, 41, 27, 19, -2], [-4, 21, 35, 42, 43, 22, 45, 4, 11, 36, 8, 32, 26, -4], [-3, 3, 30, 15, 18, 12, 14, -3]], [75, 75, 75, 75, 75, 75], [13, 10, 6, 11, 11, 13])
 [-280.66, -255.89, -254.16, -241.27, -238.86, -222.16, -221.67, -220.42, -218.8, -216.07]

