1:
 ((69, 80, 16, 22, 50, 77, 40, 54, 48, 11, 37, 14, 28, 76, 38, 10, 2, 34, 6, 71, 43, 32, 3, 30, 33, 1, 84, 20, 75, 67, 9, 53, 55, 51, 4, 41, 49, 47, 60, 57, 70, 24, 31, 61, 12, 63, 73, 15, 78, 26, 17, 46, 5, 83, 90, 59, 21, 87, 68, 58, 82, 66, 74, 89, 39, 27, 85, 56, 64, 81, 25, 72, 23, 86, 88, 13, 65, 8, 29, 36, 35, 52, 44, 19, 45, 42, 18, 62, 79, 7), 421.39, [[-2, 69, 80, -2], [-8, 16, 22, 50, 77, 40, -8], [-1, 54, 48, -1], [-9, 11, -9], [-7, 37, 14, 28, 76, 38, 10, 2, 34, -7], [-2, 6, 71, 43, 32, 3, 30, 33, 1, -2], [-6, 84, -6], [-6, 20, 75, -6], [-2, 67, 9, 53, 55, 51, 4, 41, 49, -2], [-2, 47, -2], [-4, 60, 57, 70, 24, 31, 61, -4], [-5, 12, 63, 73, 15, 78, 26, 17, 46, 5, -5], [0, 83, 90, 0], [0, 59, 21, 87, 68, 58, 82, 66, 74, 89, 39, 0], [-1, 27, 85, -1], [-3, 56, 64, 81, 25, 72, 23, 86, 88, 13, -3], [-1, 65, -1], [0, 8, 29, 36, 0], [0, 35, 0], [-3, 52, 44, 19, 45, 42, -3], [-1, 18, -1], [-3, 62, -3], [-8, 79, -8], [-3, 7, -3]], [40, 50, 75, 50, 75, 75, 40, 75, 75, 40, 40, 75, 75, 75, 75, 75, 40, 40, 40, 75, 50, 75, 50, 75], [5, 6, 14, 6, 6, 8, 5, 10, 12, 6, 5, 11, 14, 10, 15, 14, 0, 0, 7, 12, 3, 8, 8, 7])
 [462.84, 422.8, 421.39]

2:
 ((79, 62, 26, 89, 59, 67, 85, 52, 17, 7, 29, 63, 27, 44, 18, 50, 82, 40, 46, 24, 2, 35, 47, 74, 42, 21, 51, 32, 37, 5, 16, 4, 76, 56, 88, 30, 61, 10, 75, 38, 73, 64, 80, 53, 55, 1, 66, 49, 31, 23, 90, 36, 33, 54, 34, 19, 25, 11, 28, 83, 22, 58, 77, 72, 6, 8, 57, 20, 14, 9, 84, 13, 70, 45, 68, 69, 60, 43, 41, 71, 87, 3, 39, 78, 48, 12, 65, 81, 86, 15), 389.84, [[-8, 79, -8], [-3, 62, 26, -3], [-1, 89, -1], [0, 59, 0], [-2, 67, -2], [-2, 85, -2], [-3, 52, 17, 7, 29, 63, 27, -3], [-7, 44, -7], [-1, 18, 50, -1], [-1, 82, -1], [-6, 40, 46, 24, 2, 35, -6], [-2, 47, 74, -2], [-2, 42, -2], [-2, 21, 51, 32, 37, 5, 16, 4, 76, 56, 88, 30, 61, 10, 75, 38, -2], [-2, 73, 64, 80, 53, 55, 1, 66, 49, -2], [-1, 31, 23, -1], [-9, 90, 36, 33, -9], [-1, 54, 34, 19, 25, -1], [-9, 11, 28, 83, 22, 58, -9], [-2, 77, 72, 6, -2], [0, 8, 57, 20, 14, 9, 0], [-6, 84, 13, 70, 45, 68, 69, 60, 43, 41, 71, 87, 3, 39, 78, -6], [-2, 48, -2], [-5, 12, 65, 81, 86, 15, -5]], [75, 75, 50, 40, 50, 40, 75, 40, 50, 40, 75, 40, 40, 75, 75, 75, 75, 75, 75, 75, 75, 75, 50, 75], [8, 10, 5, 7, 9, 7, 13, 6, 6, 6, 11, 6, 6, 4, 12, 11, 14, 14, 9, 0, 8, 14, 6, 4])
 [445.66, 439.81, 439.13, 389.84]

3:
 ((53, 79, 89, 48, 2, 82, 80, 5, 64, 18, 13, 7, 43, 27, 55, 59, 90, 16, 87, 72, 45, 63, 23, 3, 66, 28, 47, 25, 61, 62, 38, 10, 70, 75, 81, 74, 86, 78, 71, 26, 36, 40, 34, 37, 77, 33, 52, 65, 11, 15, 35, 84, 67, 69, 83, 44, 19, 60, 8, 56, 73, 31, 30, 76, 41, 14, 6, 50, 68, 54, 88, 32, 9, 22, 1, 51, 42, 4, 58, 17, 49, 39, 20, 85, 46, 29, 57, 21, 12, 24), 418.68, [[0, 53, 79, 89, 0], [-2, 48, 2, 82, 80, 5, -2], [-1, 64, -1], [-1, 18, 13, -1], [-3, 7, 43, -3], [-1, 27, -1], [0, 55, 59, 0], [-9, 90, -9], [-8, 16, 87, 72, 45, -8], [-1, 63, 23, 3, 66, 28, 47, 25, 61, -1], [-3, 62, 38, 10, 70, 75, -3], [0, 81, 74, 86, 78, 71, 26, 36, 0], [-6, 40, 34, 37, 77, 33, -6], [-3, 52, 65, 11, 15, -3], [0, 35, 0], [-6, 84, -6], [-2, 67, 69, -2], [0, 83, 0], [-7, 44, 19, 60, 8, 56, 73, 31, -7], [-5, 30, 76, 41, 14, 6, 50, 68, -5], [-1, 54, -1], [-5, 88, 32, 9, 22, 1, 51, 42, 4, 58, 17, 49, 39, 20, -5], [-2, 85, 46, 29, 57, -2], [-2, 21, 12, 24, -2]], [75, 75, 40, 40, 50, 50, 75, 40, 50, 75, 50, 50, 75, 75, 50, 40, 75, 40, 75, 50, 40, 75, 40, 75], [12, 14, 6, 5, 9, 8, 8, 8, 6, 11, 10, 0, 15, 7, 7, 5, 11, 6, 12, 3, 8, 3, 8, 7])
 [456.64, 450.98, 441.49, 438.55, 432.49, 418.68]

4:
 ((63, 24, 86, 49, 50, 35, 38, 17, 72, 25, 87, 83, 37, 2, 18, 41, 22, 19, 34, 88, 5, 65, 27, 82, 1, 39, 51, 69, 3, 53, 61, 46, 74, 48, 85, 62, 23, 68, 40, 79, 55, 15, 20, 30, 77, 13, 90, 9, 14, 57, 70, 52, 60, 66, 29, 21, 73, 71, 7, 42, 81, 36, 43, 45, 75, 16, 32, 89, 59, 54, 76, 26, 84, 64, 67, 12, 58, 28, 33, 6, 44, 8, 78, 80, 31, 56, 47, 11, 10, 4), 417.56, [[-1, 63, 24, 86, 49, 50, -1], [0, 35, 38, 17, 72, 25, 87, 83, 0], [-7, 37, 2, 18, 41, 22, 19, 34, 88, 5, 65, -7], [-1, 27, 82, -1], [-7, 1, 39, 51, 69, 3, 53, 61, 46, 74, -7], [-2, 48, -2], [-2, 85, -2], [-3, 62, -3], [-2, 23, 68, 40, -2], [-8, 79, -8], [0, 55, 15, 0], [-6, 20, 30, 77, 13, 90, -6], [-3, 9, 14, 57, 70, 52, 60, 66, 29, 21, 73, 71, -3], [-3, 7, -3], [-2, 42, 81, 36, 43, 45, 75, 16, 32, -2], [-1, 89, -1], [0, 59, 0], [-1, 54, 76, 26, 84, 64, -1], [-2, 67, 12, 58, 28, 33, 6, 44, 8, 78, 80, -2], [-1, 31, 56, 47, -1], [-9, 11, 10, 4, -9]], [40, 75, 75, 75, 40, 40, 40, 75, 75, 40, 40, 75, 75, 50, 75, 40, 40, 75, 75, 75, 75], [0, 11, 12, 14, 6, 6, 7, 8, 13, 8, 4, 14, 9, 7, 13, 5, 7, 13, 13, 11, 6])
 [447.53, 427.28, 417.56]

5:
 ((64, 18, 90, 86, 85, 24, 39, 67, 19, 76, 62, 60, 51, 16, 61, 47, 69, 10, 1, 45, 26, 84, 35, 15, 28, 53, 70, 21, 20, 5, 33, 2, 48, 73, 74, 59, 88, 14, 80, 83, 65, 89, 34, 7, 72, 46, 23, 42, 12, 82, 4, 6, 17, 54, 25, 87, 40, 77, 55, 56, 57, 32, 71, 22, 3, 49, 9, 58, 66, 63, 13, 50, 11, 38, 31, 68, 30, 79, 52, 8, 29, 44, 27, 37, 75, 36, 43, 81, 41, 78), 421.32, [[-1, 64, 18, -1], [-9, 90, 86, -9], [-2, 85, 24, 39, 67, -2], [-3, 19, 76, 62, -3], [-4, 60, 51, 16, 61, 47, 69, 10, 1, -4], [-3, 45, 26, 84, 35, -3], [-2, 15, 28, 53, 70, 21, -2], [-6, 20, 5, 33, 2, 48, -6], [-2, 73, 74, 59, 88, 14, -2], [-1, 80, 83, 65, 89, -1], [-7, 34, -7], [-3, 7, 72, 46, -3], [-2, 23, 42, -2], [-5, 12, 82, 4, 6, 17, 54, 25, 87, 40, 77, -5], [0, 55, 56, 57, 32, 71, 22, 3, 49, 9, 58, 66, 0], [-1, 63, 13, 50, -1], [-9, 11, -9], [-2, 38, 31, 68, 30, -2], [-8, 79, 52, 8, 29, 44, -8], [-1, 27, -1], [-7, 37, -7], [-3, 75, 36, 43, 81, 41, -3], [-8, 78, -8]], [75, 40, 75, 50, 75, 75, 40, 75, 75, 75, 40, 40, 75, 75, 75, 50, 40, 50, 75, 40, 40, 50, 50], [9, 8, 15, 1, 14, 11, 3, 12, 11, 10, 4, 7, 14, 14, 5, 2, 6, 7, 10, 8, 4, 9, 2])
 [477.92, 421.32]

6:
 ((42, 37, 75, 88, 8, 52, 56, 26, 17, 9, 16, 61, 5, 82, 20, 31, 29, 74, 34, 49, 45, 43, 90, 23, 50, 7, 13, 67, 3, 64, 30, 41, 33, 86, 89, 87, 54, 18, 62, 79, 77, 70, 25, 1, 78, 69, 15, 10, 12, 53, 81, 4, 85, 68, 58, 19, 57, 32, 21, 84, 73, 59, 47, 40, 72, 38, 83, 66, 63, 71, 39, 14, 35, 48, 36, 51, 76, 27, 11, 2, 22, 6, 28, 80, 55, 60, 46, 24, 44, 65), 401.54, [[-2, 42, 37, -2], [-3, 75, 88, 8, 52, 56, 26, 17, 9, -3], [-8, 16, 61, 5, 82, -8], [-6, 20, -6], [-1, 31, 29, 74, 34, 49, 45, 43, 90, -1], [-2, 23, -2], [-1, 50, 7, -1], [-4, 13, -4], [-2, 67, 3, -2], [-1, 64, -1], [-5, 30, 41, 33, 86, -5], [-1, 89, 87, 54, 18, -1], [-3, 62, -3], [-8, 79, 77, 70, 25, 1, 78, 69, 15, 10, 12, 53, 81, 4, 85, 68, 58, 19, 57, 32, 21, 84, -8], [-2, 73, 59, 47, -2], [-6, 40, 72, 38, 83, 66, 63, 71, 39, 14, -6], [0, 35, 48, 36, 51, 76, 27, 0], [-9, 11, 2, 22, 6, -9], [-7, 28, 80, 55, -7], [-4, 60, 46, 24, 44, 65, -4]], [50, 75, 75, 40, 75, 40, 50, 40, 75, 40, 75, 75, 50, 75, 75, 75, 75, 75, 40, 75], [10, 13, 10, 5, 12, 8, 10, 2, 13, 6, 13, 12, 8, 12, 14, 12, 14, 6, 1, 8])
 [498.26, 439.23, 431.77, 431.32, 431.08, 401.54]

7:
 ((83, 78, 77, 6, 89, 1, 62, 43, 3, 75, 39, 9, 55, 22, 14, 5, 24, 70, 8, 40, 60, 31, 73, 7, 84, 72, 41, 28, 68, 19, 61, 50, 59, 42, 37, 16, 86, 34, 64, 76, 80, 46, 26, 10, 71, 51, 79, 57, 15, 13, 47, 35, 21, 54, 17, 74, 85, 38, 49, 88, 18, 67, 69, 4, 12, 23, 45, 82, 58, 36, 66, 29, 87, 30, 65, 63, 44, 2, 52, 90, 32, 48, 33, 53, 81, 20, 56, 25, 11, 27), 414.95, [[0, 83, 78, 77, 6, 89, 1, 0], [-3, 62, 43, 3, -3], [-3, 75, 39, 9, 55, 22, 14, 5, 24, 70, -3], [0, 8, 40, 0], [-4, 60, 31, 73, -4], [-3, 7, 84, 72, 41, 28, 68, 19, 61, -3], [-1, 50, -1], [0, 59, 0], [-2, 42, 37, -2], [-8, 16, 86, 34, 64, -8], [0, 76, 80, 46, 26, 10, 71, 51, 79, 57, 15, 0], [-4, 13, -4], [-2, 47, 35, -2], [-2, 21, -2], [-1, 54, 17, 74, -1], [-2, 85, 38, 49, 88, -2], [-1, 18, 67, 69, 4, -1], [-5, 12, -5], [-2, 23, -2], [-3, 45, 82, 58, 36, -3], [-9, 66, 29, -9], [-7, 87, 30, 65, 63, 44, 2, 52, -7], [-9, 90, 32, -9], [-2, 48, 33, 53, 81, 20, 56, 25, -2], [-9, 11, -9], [-1, 27, -1]], [75, 75, 75, 40, 50, 75, 40, 50, 75, 75, 75, 40, 75, 40, 50, 75, 75, 50, 40, 40, 40, 75, 50, 75, 40, 50], [8, 14, 10, 2, 7, 15, 3, 7, 10, 15, 2, 2, 13, 3, 9, 12, 14, 4, 8, 3, 0, 0, 8, 14, 6, 8])
 [474.46, 433.56, 426.78, 419.86, 414.95]

8:
 ((1, 84, 77, 81, 71, 82, 46, 7, 72, 2, 53, 52, 74, 59, 51, 67, 35, 17, 20, 69, 48, 33, 16, 73, 57, 40, 24, 31, 55, 83, 9, 85, 3, 66, 39, 63, 5, 45, 62, 38, 89, 37, 44, 15, 87, 64, 58, 80, 12, 32, 26, 23, 4, 14, 86, 25, 43, 41, 50, 47, 75, 49, 30, 68, 8, 18, 56, 21, 11, 76, 22, 6, 28, 79, 13, 10, 19, 90, 54, 34, 61, 78, 70, 36, 27, 60, 88, 42, 65, 29), 403.23, [[-7, 1, 84, 77, 81, 71, 82, 46, 7, 72, 2, 53, 52, 74, -7], [0, 59, 51, 67, 0], [0, 35, 17, 20, 0], [-2, 69, 48, -2], [-7, 33, -7], [-8, 16, 73, 57, -8], [-6, 40, 24, 31, 55, -6], [0, 83, 9, 0], [-2, 85, 3, 66, 39, 63, 5, 45, 62, 38, -2], [-1, 89, 37, -1], [-7, 44, 15, 87, -7], [-1, 64, 58, 80, 12, 32, 26, -1], [-2, 23, 4, 14, 86, 25, 43, -2], [-6, 41, 50, 47, -6], [-3, 75, 49, -3], [-5, 30, 68, 8, 18, 56, -5], [-2, 21, 11, 76, -2], [-7, 22, 6, 28, 79, 13, 10, 19, -7], [-9, 90, -9], [-1, 54, -1], [-7, 34, 61, 78, 70, 36, -7], [-1, 27, -1], [-4, 60, 88, 42, 65, 29, -4]], [75, 75, 75, 40, 40, 75, 50, 75, 75, 75, 50, 50, 50, 75, 40, 40, 50, 75, 75, 50, 40, 40, 75], [12, 12, 13, 8, 5, 9, 8, 9, 11, 9, 9, 7, 9, 14, 6, 3, 9, 0, 8, 8, 7, 8, 11])
 [493.6, 442.7, 429.44, 403.23]

9:
 ((71, 33, 21, 34, 26, 12, 81, 11, 65, 41, 62, 58, 87, 28, 63, 39, 14, 47, 66, 59, 40, 29, 60, 22, 8, 19, 89, 55, 61, 1, 57, 90, 9, 6, 16, 73, 74, 54, 78, 17, 77, 75, 70, 32, 31, 35, 20, 27, 45, 36, 85, 38, 67, 53, 5, 50, 30, 10, 15, 2, 56, 25, 82, 68, 49, 84, 4, 3, 86, 51, 80, 13, 37, 72, 23, 79, 48, 24, 42, 83, 18, 64, 43, 76, 46, 7, 69, 52, 88, 44), 410.9, [[-3, 71, 33, 21, 34, 26, -3], [-5, 12, 81, 11, 65, 41, -5], [-3, 62, 58, 87, 28, -3], [-1, 63, 39, 14, 47, 66, 59, -1], [-6, 40, 29, 60, 22, 8, 19, 89, 55, 61, 1, 57, -6], [-9, 90, -9], [-3, 9, 6, 16, 73, 74, -3], [-1, 54, 78, 17, 77, 75, 70, 32, 31, -1], [0, 35, 0], [-6, 20, 27, 45, 36, -6], [-2, 85, 38, -2], [-2, 67, 53, 5, 50, 30, 10, 15, 2, 56, 25, -2], [-1, 82, 68, 49, 84, 4, 3, 86, 51, 80, 13, -1], [-7, 37, 72, -7], [-2, 23, -2], [-8, 79, -8], [-2, 48, 24, 42, -2], [0, 83, 0], [-1, 18, 64, -1], [-9, 43, -9], [0, 76, 46, 7, 69, 52, 88, 0], [-7, 44, -7]], [75, 75, 75, 75, 75, 40, 75, 75, 50, 75, 75, 75, 75, 40, 75, 50, 75, 40, 50, 40, 75, 50], [13, 7, 8, 10, 9, 8, 5, 12, 7, 13, 9, 12, 12, 4, 8, 8, 10, 6, 9, 2, 6, 6])
 [469.05, 410.9]

10:
 ((2, 74, 86, 26, 72, 42, 45, 61, 66, 1, 54, 65, 47, 3, 89, 77, 9, 25, 76, 69, 13, 31, 67, 43, 33, 70, 85, 27, 32, 24, 84, 40, 49, 23, 35, 22, 28, 7, 4, 41, 21, 34, 90, 88, 56, 17, 53, 8, 46, 30, 39, 87, 55, 68, 58, 36, 48, 12, 81, 11, 18, 71, 50, 16, 20, 10, 62, 6, 29, 44, 82, 52, 60, 38, 19, 37, 14, 63, 5, 79, 80, 51, 59, 15, 57, 73, 83, 64, 78, 75), 420.25, [[-4, 2, 74, 86, 26, 72, 42, 45, 61, 66, 1, 54, 65, -4], [-2, 47, 3, -2], [-1, 89, 77, 9, 25, -1], [0, 76, 69, 13, 31, 0], [-2, 67, -2], [-9, 43, 33, 70, 85, -9], [-1, 27, -1], [0, 32, 24, 84, 0], [-6, 40, 49, 23, -6], [0, 35, 22, 28, 7, 4, 41, 0], [-2, 21, 34, -2], [-9, 90, -9], [-5, 88, 56, 17, 53, 8, 46, 30, 39, 87, 55, 68, -5], [-9, 58, 36, 48, 12, 81, 11, -9], [-1, 18, 71, 50, 16, -1], [-6, 20, 10, 62, 6, 29, 44, 82, -6], [-3, 52, 60, 38, 19, -3], [-7, 37, 14, 63, 5, 79, 80, 51, 59, -7], [-2, 15, 57, 73, -2], [0, 83, 64, 78, 0], [-3, 75, -3]], [75, 75, 40, 75, 50, 75, 40, 50, 75, 50, 50, 50, 50, 75, 75, 75, 50, 75, 50, 75, 75], [8, 10, 5, 0, 9, 11, 8, 1, 15, 7, 7, 8, 5, 7, 11, 14, 8, 14, 6, 14, 5])
 [470.83, 465.5, 461.8, 439.59, 428.51, 420.25]

11:
 ((66, 67, 15, 7, 77, 56, 50, 31, 4, 24, 87, 28, 73, 78, 81, 45, 57, 48, 85, 80, 41, 33, 59, 30, 53, 39, 35, 82, 61, 25, 37, 2, 79, 27, 84, 20, 64, 34, 55, 36, 3, 47, 42, 19, 86, 65, 90, 12, 43, 17, 9, 5, 83, 6, 72, 62, 38, 68, 8, 16, 26, 58, 63, 71, 29, 89, 11, 74, 40, 76, 14, 69, 51, 60, 21, 32, 18, 54, 70, 44, 52, 46, 1, 49, 75, 88, 13, 10, 22, 23), 424.66, [[-9, 66, 67, 15, -9], [-3, 7, 77, 56, 50, -3], [-1, 31, 4, 24, -1], [-7, 87, 28, 73, 78, 81, 45, 57, 48, -7], [-2, 85, 80, -2], [-6, 41, 33, -6], [0, 59, 30, 53, 39, 0], [0, 35, 82, 61, 25, 0], [-7, 37, 2, -7], [-8, 79, -8], [-1, 27, -1], [-6, 84, -6], [-6, 20, -6], [-1, 64, -1], [-7, 34, 55, 36, 3, -7], [-2, 47, 42, 19, 86, 65, -2], [-9, 90, 12, 43, -9], [-6, 17, 9, 5, 83, 6, 72, 62, 38, 68, 8, 16, -6], [-1, 26, 58, 63, 71, 29, 89, 11, 74, -1], [-6, 40, 76, 14, 69, 51, 60, 21, 32, 18, -6], [-1, 54, 70, -1], [-7, 44, -7], [-3, 52, 46, 1, 49, 75, 88, -3], [-4, 13, 10, 22, 23, -4]], [75, 50, 40, 75, 50, 75, 50, 75, 50, 40, 40, 50, 50, 40, 75, 75, 75, 75, 75, 75, 40, 40, 75, 75], [9, 8, 3, 0, 10, 10, 10, 15, 4, 8, 8, 5, 5, 6, 10, 13, 14, 11, 2, 6, 8, 6, 13, 2])
 [461.63, 445.39, 435.92, 432.12, 424.66]

12:
 ((27, 69, 62, 86, 75, 15, 65, 67, 77, 58, 8, 71, 68, 49, 50, 5, 70, 85, 55, 11, 53, 63, 47, 76, 48, 31, 13, 73, 39, 66, 1, 20, 72, 37, 21, 26, 14, 18, 90, 82, 17, 32, 44, 29, 34, 51, 36, 16, 60, 4, 84, 56, 57, 19, 28, 38, 2, 61, 10, 52, 78, 89, 59, 64, 81, 79, 23, 42, 46, 35, 80, 41, 88, 12, 3, 87, 30, 54, 33, 25, 43, 9, 7, 22, 74, 40, 6, 24, 45, 83), 412.09, [[-1, 27, -1], [-2, 69, -2], [-3, 62, 86, 75, 15, -3], [-1, 65, -1], [-2, 67, 77, 58, 8, -2], [-3, 71, 68, 49, 50, 5, 70, 85, 55, -3], [-9, 11, 53, 63, 47, 76, 48, 31, 13, 73, -9], [-1, 39, 66, 1, 20, 72, 37, 21, 26, -1], [-8, 14, 18, 90, -8], [-1, 82, 17, 32, -1], [-7, 44, 29, 34, 51, 36, 16, 60, 4, -7], [-6, 84, 56, 57, 19, 28, 38, 2, 61, 10, 52, 78, 89, -6], [0, 59, 0], [-1, 64, 81, -1], [-8, 79, -8], [-2, 23, 42, 46, -2], [0, 35, 80, 41, 0], [-5, 88, 12, 3, 87, 30, -5], [-1, 54, 33, 25, -1], [-9, 43, 9, 7, 22, 74, 40, 6, 24, 45, 83, -9]], [40, 40, 75, 40, 75, 75, 75, 75, 75, 40, 75, 75, 50, 50, 75, 75, 75, 75, 75, 75], [8, 2, 15, 0, 9, 4, 12, 12, 13, 7, 14, 14, 7, 6, 8, 15, 15, 10, 14, 12])
 [467.04, 426.27, 421.12, 412.09]

13:
 ((72, 71, 90, 9, 5, 19, 84, 40, 7, 62, 44, 31, 67, 35, 23, 65, 88, 69, 28, 50, 33, 68, 34, 20, 83, 59, 13, 3, 56, 61, 36, 49, 37, 57, 1, 78, 18, 2, 24, 10, 30, 41, 22, 15, 63, 76, 26, 55, 12, 70, 81, 29, 75, 25, 82, 46, 74, 47, 45, 11, 77, 79, 51, 53, 58, 27, 8, 86, 89, 43, 80, 73, 48, 21, 85, 64, 38, 16, 52, 32, 39, 17, 6, 54, 66, 14, 87, 42, 60, 4), 401.49, [[-5, 72, 71, 90, 9, 5, 19, -5], [-6, 84, -6], [-6, 40, -6], [-3, 7, 62, -3], [-7, 44, 31, -7], [-2, 67, -2], [0, 35, 0], [-2, 23, -2], [-1, 65, 88, 69, 28, 50, -1], [-7, 33, 68, 34, -7], [-6, 20, -6], [0, 83, 59, 0], [-4, 13, 3, 56, 61, 36, 49, -4], [-7, 37, 57, 1, 78, 18, 2, 24, 10, 30, 41, 22, 15, 63, 76, 26, -7], [0, 55, 12, 70, 81, 0], [-7, 29, 75, 25, -7], [-1, 82, 46, 74, -1], [-2, 47, 45, 11, 77, 79, 51, 53, 58, 27, -2], [0, 8, 86, 89, 43, 80, 73, 0], [-2, 48, 21, -2], [-2, 85, 64, 38, -2], [-8, 16, -8], [-3, 52, 32, 39, 17, 6, 54, 66, 14, 87, 42, 60, 4, -3]], [75, 40, 50, 75, 75, 50, 40, 40, 50, 50, 40, 75, 75, 75, 50, 50, 40, 75, 75, 75, 75, 40, 75], [8, 5, 6, 15, 9, 9, 7, 8, 0, 8, 5, 13, 11, 14, 5, 4, 7, 13, 6, 9, 15, 6, 9])
 [427.9, 426.21, 401.49]

14:
 ((81, 29, 74, 67, 20, 15, 78, 14, 49, 80, 1, 66, 43, 40, 79, 39, 47, 50, 72, 54, 31, 77, 30, 11, 88, 55, 5, 23, 75, 60, 19, 45, 16, 86, 44, 2, 36, 46, 7, 24, 41, 83, 64, 37, 26, 76, 27, 10, 51, 87, 18, 89, 90, 61, 22, 12, 59, 42, 3, 52, 63, 17, 58, 65, 9, 35, 4, 13, 84, 21, 53, 25, 57, 56, 6, 33, 68, 71, 32, 48, 34, 85, 73, 62, 70, 28, 8, 82, 69, 38), 410.58, [[0, 81, 29, 74, 0], [-2, 67, 20, -2], [-2, 15, 78, 14, 49, -2], [-1, 80, 1, 66, 43, 40, -1], [-8, 79, 39, 47, -8], [-1, 50, 72, 54, -1], [-1, 31, 77, 30, 11, 88, 55, -1], [-9, 5, -9], [-2, 23, -2], [-3, 75, 60, 19, 45, 16, 86, -3], [-7, 44, 2, 36, 46, 7, 24, -7], [-6, 41, 83, -6], [-1, 64, 37, 26, 76, 27, 10, 51, 87, 18, 89, -1], [-9, 90, 61, 22, 12, 59, -9], [-2, 42, -2], [-8, 3, 52, 63, 17, 58, 65, 9, 35, 4, 13, -8], [-6, 84, 21, 53, 25, 57, 56, 6, 33, 68, 71, 32, 48, -6], [-7, 34, -7], [-2, 85, -2], [-2, 73, 62, 70, 28, 8, 82, 69, 38, -2]], [40, 75, 40, 75, 75, 50, 75, 40, 40, 75, 75, 75, 75, 75, 40, 75, 75, 50, 40, 75], [0, 14, 8, 10, 15, 9, 11, 0, 8, 12, 14, 11, 12, 14, 6, 6, 14, 4, 7, 9])
 [475.66, 456.36, 432.53, 426.44, 425.91, 410.58]

15:
 ((42, 34, 27, 43, 47, 70, 46, 18, 80, 16, 69, 71, 61, 25, 58, 8, 55, 82, 20, 62, 78, 53, 73, 33, 50, 10, 54, 72, 3, 26, 44, 2, 15, 83, 35, 1, 24, 59, 88, 56, 81, 86, 87, 4, 76, 28, 21, 30, 41, 36, 63, 79, 74, 49, 14, 68, 5, 66, 64, 57, 40, 23, 77, 52, 29, 60, 39, 12, 90, 89, 22, 32, 19, 45, 51, 48, 17, 13, 38, 7, 6, 37, 11, 65, 9, 67, 85, 84, 75, 31), 419.69, [[-2, 42, 34, -2], [-1, 27, -1], [-9, 43, 47, 70, 46, -9], [-1, 18, 80, 16, 69, 71, 61, 25, 58, -1], [0, 8, 55, 0], [-1, 82, -1], [-6, 20, -6], [-3, 62, 78, 53, -3], [-2, 73, 33, 50, 10, 54, 72, -2], [-8, 3, 26, 44, 2, 15, -8], [0, 83, 35, 0], [-7, 1, 24, 59, 88, 56, 81, 86, 87, 4, -7], [0, 76, 28, 21, 30, 41, 36, 63, 0], [-8, 79, 74, 49, 14, 68, -8], [-9, 5, 66, 64, 57, -9], [-6, 40, 23, 77, 52, 29, 60, 39, -6], [-5, 12, 90, -5], [-1, 89, 22, 32, 19, 45, -1], [-7, 51, 48, 17, 13, 38, -7], [-3, 7, 6, 37, 11, 65, 9, -3], [-2, 67, -2], [-2, 85, 84, -2], [-3, 75, -3], [-1, 31, -1]], [75, 40, 40, 75, 40, 40, 40, 50, 75, 75, 75, 75, 75, 50, 75, 75, 75, 75, 75, 75, 75, 75, 40, 75], [10, 8, 8, 15, 0, 6, 5, 10, 13, 14, 13, 11, 1, 10, 2, 14, 12, 5, 7, 12, 9, 12, 5, 3])
 [462.84, 453.1, 421.92, 419.69]

16:
 ((26, 31, 15, 28, 12, 32, 4, 78, 29, 7, 50, 48, 70, 16, 36, 40, 53, 3, 41, 22, 58, 73, 54, 6, 10, 62, 11, 84, 86, 20, 55, 42, 23, 18, 19, 76, 45, 81, 25, 67, 64, 2, 71, 52, 83, 37, 90, 9, 72, 61, 46, 63, 60, 59, 57, 68, 85, 79, 47, 33, 24, 77, 21, 27, 82, 65, 43, 66, 1, 38, 49, 14, 51, 34, 80, 5, 87, 69, 74, 39, 75, 30, 8, 89, 13, 35, 88, 44, 56, 17), 423.38, [[-1, 26, 31, 15, 28, 12, 32, 4, 78, 29, 7, -1], [-1, 50, 48, 70, -1], [-8, 16, 36, -8], [-6, 40, 53, 3, 41, 22, 58, 73, 54, 6, 10, 62, -6], [-9, 11, -9], [-6, 84, 86, 20, 55, -6], [-2, 42, 23, -2], [-1, 18, 19, -1], [0, 76, 45, 0], [0, 81, 25, 67, 0], [-1, 64, 2, 71, 52, -1], [0, 83, 0], [-7, 37, 90, -7], [-3, 9, 72, 61, 46, 63, 60, 59, 57, 68, -3], [-2, 85, -2], [-8, 79, -8], [-2, 47, -2], [-7, 33, 24, 77, 21, -7], [-1, 27, 82, -1], [-1, 65, 43, 66, 1, 38, 49, 14, 51, 34, -1], [-1, 80, 5, 87, 69, 74, 39, 75, 30, 8, 89, -1], [-4, 13, 35, 88, -4], [-7, 44, 56, 17, -7]], [75, 50, 40, 75, 50, 75, 75, 40, 75, 75, 50, 40, 75, 75, 50, 40, 40, 40, 75, 50, 75, 75, 75], [11, 9, 7, 14, 6, 10, 14, 4, 0, 6, 6, 6, 12, 12, 7, 8, 6, 5, 14, 2, 7, 11, 9])
 [470.02, 436.16, 429.78, 426.79, 426.47, 423.38]

17:
 ((66, 43, 38, 24, 23, 35, 10, 42, 31, 73, 86, 13, 89, 41, 72, 28, 47, 67, 44, 77, 55, 9, 62, 68, 20, 11, 48, 39, 85, 50, 64, 30, 83, 19, 26, 3, 65, 57, 70, 56, 22, 16, 81, 2, 87, 71, 40, 49, 69, 79, 78, 33, 52, 75, 18, 46, 59, 63, 60, 29, 88, 4, 27, 80, 76, 34, 21, 61, 51, 6, 54, 45, 53, 82, 7, 1, 37, 90, 17, 36, 8, 74, 15, 5, 25, 84, 32, 14, 12, 58), 423.85, [[-9, 66, 43, 38, 24, -9], [-2, 23, 35, 10, -2], [-2, 42, 31, 73, 86, 13, -2], [-1, 89, 41, 72, 28, 47, -1], [-2, 67, 44, 77, -2], [0, 55, 9, 62, 68, 0], [-6, 20, -6], [-9, 11, 48, 39, -9], [-2, 85, -2], [-1, 50, -1], [-1, 64, -1], [-5, 30, 83, -5], [-3, 19, 26, 3, 65, 57, 70, 56, -3], [-7, 22, 16, 81, 2, 87, 71, 40, 49, 69, -7], [-8, 79, 78, 33, -8], [-3, 52, 75, -3], [-1, 18, 46, 59, 63, 60, 29, 88, 4, -1], [-1, 27, -1], [-1, 80, -1], [0, 76, 34, 21, 61, 51, 6, 54, 45, 53, 0], [-1, 82, -1], [-3, 7, 1, 37, -3], [-9, 90, -9], [-6, 17, 36, 8, 74, 15, 5, 25, 84, 32, 14, 12, 58, -6]], [40, 75, 75, 75, 75, 75, 40, 75, 40, 40, 40, 50, 50, 75, 75, 50, 75, 40, 40, 50, 40, 75, 40, 75], [1, 15, 11, 11, 15, 12, 5, 13, 7, 3, 6, 9, 7, 0, 15, 7, 11, 8, 3, 0, 6, 13, 8, 7])
 [476.29, 451.15, 429.95, 423.85]

18:
 ((76, 56, 17, 26, 1, 89, 78, 84, 12, 32, 16, 51, 44, 88, 64, 19, 41, 11, 66, 22, 10, 28, 65, 74, 15, 55, 7, 27, 36, 35, 83, 81, 21, 58, 18, 79, 33, 90, 43, 45, 75, 68, 8, 72, 23, 25, 37, 4, 40, 46, 50, 61, 60, 69, 54, 52, 31, 38, 53, 48, 42, 13, 47, 14, 3, 39, 62, 80, 24, 57, 5, 9, 6, 86, 82, 29, 70, 49, 20, 77, 63, 67, 85, 87, 71, 30, 34, 73, 2, 59), 411.79, [[0, 76, 56, 17, 26, 1, 89, 78, 0], [-6, 84, -6], [-5, 12, 32, 16, 51, 44, 88, -5], [-1, 64, 19, -1], [-6, 41, -6], [-9, 11, 66, 22, 10, -9], [-7, 28, 65, 74, 15, 55, 7, -7], [-1, 27, 36, -1], [0, 35, 0], [0, 83, 81, 21, 58, 18, 79, 0], [-7, 33, -7], [-9, 90, 43, 45, 75, 68, 8, 72, 23, -9], [-1, 25, 37, 4, 40, 46, -1], [-1, 50, 61, 60, 69, -1], [-1, 54, -1], [-3, 52, 31, 38, 53, -3], [-2, 48, 42, 13, -2], [-2, 47, 14, 3, 39, -2], [-3, 62, 80, 24, 57, 5, 9, 6, 86, 82, 29, 70, 49, 20, 77, 63, -3], [-2, 67, -2], [-2, 85, 87, 71, 30, 34, 73, 2, -2], [0, 59, 0]], [75, 40, 75, 40, 50, 75, 75, 50, 40, 75, 40, 75, 50, 75, 40, 50, 75, 75, 75, 75, 75, 75], [6, 5, 12, 7, 5, 6, 3, 9, 7, 10, 5, 13, 9, 9, 8, 7, 14, 13, 12, 9, 10, 7])
 [444.27, 439.89, 438.85, 430.32, 411.79]

19:
 ((29, 34, 12, 1, 79, 46, 35, 8, 43, 86, 87, 42, 41, 9, 25, 69, 36, 58, 72, 28, 56, 7, 66, 26, 80, 74, 38, 23, 59, 85, 49, 68, 10, 70, 63, 57, 31, 78, 33, 77, 51, 53, 88, 19, 65, 55, 22, 64, 60, 47, 50, 27, 14, 75, 90, 37, 3, 4, 13, 81, 71, 76, 52, 21, 18, 2, 54, 20, 48, 39, 73, 32, 24, 82, 11, 30, 89, 5, 17, 40, 45, 16, 61, 84, 62, 83, 67, 15, 6, 44), 418.63, [[-7, 29, 34, 12, 1, -7], [-8, 79, 46, -8], [0, 35, 8, 43, 86, 87, 42, 41, 0], [-3, 9, 25, 69, 36, 58, 72, 28, 56, 7, 66, 26, 80, 74, 38, -3], [-2, 23, -2], [0, 59, 0], [-2, 85, 49, 68, 10, 70, 63, 57, 31, 78, 33, 77, 51, 53, 88, 19, 65, -2], [0, 55, 22, 64, 0], [-4, 60, 47, 50, -4], [-1, 27, -1], [-8, 14, 75, -8], [-9, 90, 37, -9], [-8, 3, 4, 13, 81, 71, 76, 52, 21, 18, 2, -8], [-1, 54, -1], [-6, 20, 48, 39, 73, 32, 24, -6], [-1, 82, -1], [-9, 11, -9], [-5, 30, -5], [-1, 89, 5, 17, 40, 45, 16, 61, -1], [-6, 84, -6], [-3, 62, -3], [0, 83, 0], [-2, 67, 15, 6, 44, -2]], [75, 50, 75, 75, 40, 40, 75, 40, 75, 40, 50, 75, 75, 50, 75, 50, 40, 40, 75, 50, 40, 75, 75], [8, 9, 11, 8, 8, 7, 9, 1, 12, 8, 7, 12, 4, 8, 13, 6, 6, 3, 13, 5, 8, 6, 13])
 [451.83, 451.42, 448.67, 439.42, 436.0, 431.12, 418.63]

20:
 ((17, 45, 74, 76, 40, 77, 78, 63, 24, 15, 38, 84, 11, 81, 82, 87, 46, 30, 6, 52, 56, 66, 31, 48, 50, 61, 23, 54, 7, 36, 88, 58, 25, 53, 68, 79, 67, 73, 32, 83, 33, 29, 59, 12, 57, 19, 18, 41, 89, 51, 86, 8, 9, 3, 28, 60, 37, 47, 62, 71, 43, 14, 80, 72, 21, 16, 5, 44, 1, 13, 26, 10, 49, 85, 64, 27, 20, 65, 75, 42, 55, 4, 22, 90, 34, 39, 69, 2, 35, 70), 412.06, [[-6, 17, 45, 74, 76, 40, 77, 78, 63, 24, 15, 38, 84, -6], [-9, 11, 81, -9], [-1, 82, 87, 46, 30, 6, 52, 56, 66, 31, 48, 50, -1], [-6, 61, 23, -6], [-1, 54, 7, -1], [-8, 36, 88, 58, 25, 53, 68, 79, -8], [-2, 67, 73, 32, -2], [0, 83, 0], [-7, 33, 29, -7], [0, 59, 12, 57, 19, 0], [-1, 18, 41, 89, 51, 86, 8, 9, 3, 28, 60, -1], [-7, 37, 47, -7], [-3, 62, 71, -3], [-9, 43, 14, 80, 72, 21, -9], [-8, 16, 5, 44, 1, 13, -8], [-1, 26, 10, 49, 85, 64, -1], [-1, 27, 20, 65, -1], [-3, 75, 42, 55, 4, 22, 90, -3], [-7, 34, 39, 69, 2, 35, 70, -7]], [75, 40, 75, 50, 75, 75, 75, 40, 40, 75, 75, 75, 40, 40, 75, 75, 75, 75, 75], [1, 6, 14, 9, 15, 4, 10, 6, 5, 14, 13, 10, 8, 8, 13, 12, 13, 12, 13])
 [464.35, 447.31, 445.12, 412.06]

