1:
 ((25, 11, 23, 17, 13, 21, 20, 12, 8, 10, 16, 22, 14, 24, 5, 2, 6, 1, 27, 26, 3, 4, 7, 19, 18, 9, 15), 123.93, [[-1, 25, 11, 23, 17, 13, 21, 20, 12, -1], [0, 8, 10, 16, 0], [-1, 22, 14, 24, 5, 2, 6, 1, 27, -1], [-1, 26, 3, 4, 7, 19, 18, 9, 15, -1]], [50, 50, 75, 75], [4, 8, 11, 10])
 [133.83, 124.69, 123.93]

2:
 ((23, 5, 8, 9, 1, 19, 15, 3, 26, 20, 11, 16, 25, 7, 27, 17, 13, 14, 22, 4, 21, 2, 12, 10, 6, 24, 18), 128.86, [[0, 23, 5, 8, 9, 1, 19, 15, 3, 26, 0], [-1, 20, 11, 16, 25, 7, 27, 17, 13, -1], [-2, 14, 22, -2], [0, 4, 21, 2, 12, 10, 6, 24, 18, 0]], [75, 75, 75, 75], [1, 13, 11, 12])
 [129.08, 128.86]

3:
 ((22, 7, 24, 15, 4, 5, 13, 6, 20, 19, 17, 25, 10, 9, 21, 8, 2, 11, 14, 1, 23, 26, 16, 27, 12, 18, 3), 123.5, [[-1, 22, 7, 24, 15, 4, 5, 13, 6, 20, 19, 17, 25, -1], [0, 10, 9, 21, 8, 2, 11, 14, 1, 23, 0], [-1, 26, 16, 27, 12, 18, 3, -1]], [75, 75, 75], [10, 11, 12])
 [141.08, 131.51, 127.21, 123.5]

4:
 ((4, 17, 7, 18, 9, 2, 15, 26, 10, 5, 3, 20, 25, 16, 27, 12, 23, 11, 8, 13, 1, 24, 6, 19, 21, 22, 14), 118.04, [[0, 4, 17, 7, 18, 9, 2, 15, 26, 10, 0], [-1, 5, 3, 20, 25, 16, 27, 12, 23, 11, 8, -1], [-2, 13, 1, 24, 6, 19, 21, 22, 14, -2]], [75, 75, 75], [14, 1, 10])
 [131.38, 118.04]

5:
 ((21, 6, 18, 13, 26, 15, 1, 22, 19, 8, 9, 2, 3, 23, 10, 27, 11, 5, 4, 16, 25, 17, 24, 7, 14, 12, 20), 116.19, [[-2, 21, 6, 18, 13, -2], [-1, 26, 15, 1, 22, 19, 8, 9, 2, 3, -1], [0, 23, 10, 27, 11, 5, 4, 16, 25, 17, 24, 7, 14, 12, 20, 0]], [75, 75, 75], [7, 14, 7])
 [129.84, 128.23, 127.23, 116.19]

6:
 ((12, 21, 27, 24, 2, 19, 10, 9, 11, 16, 13, 6, 15, 14, 17, 22, 8, 1, 18, 26, 3, 7, 5, 20, 25, 4, 23), 122.46, [[-1, 12, 21, 27, 24, 2, -1], [0, 19, 10, 9, 11, 16, 13, 0], [-1, 6, 15, 14, 17, 22, 8, 1, 18, -1], [-1, 26, 3, 7, 5, 20, 25, -1], [0, 4, 23, 0]], [50, 75, 75, 50, 50], [2, 10, 12, 7, 4])
 [156.14, 125.77, 122.88, 122.46]

7:
 ((3, 26, 10, 22, 12, 14, 24, 11, 25, 17, 20, 15, 23, 8, 1, 16, 6, 7, 4, 18, 13, 21, 27, 5, 19, 9, 2), 118.73, [[-2, 3, 26, 10, -2], [-1, 22, 12, 14, 24, 11, 25, 17, 20, 15, -1], [0, 23, 8, 1, 16, 6, 7, 0], [0, 4, 18, 13, 21, 27, 5, 19, 9, 2, 0]], [75, 75, 75, 75], [7, 13, 10, 10])
 [151.23, 148.17, 129.62, 118.73]

8:
 ((12, 22, 19, 1, 24, 27, 5, 13, 8, 7, 20, 10, 6, 4, 17, 15, 21, 9, 11, 14, 18, 26, 3, 2, 23, 16, 25), 123.27, [[-1, 12, 22, 19, 1, 24, 27, 5, 13, 8, -1], [0, 7, 20, 10, 0], [-1, 6, 4, 17, 15, 21, 9, 11, 14, 18, 26, 3, 2, 23, 16, 25, -1]], [75, 50, 75], [9, 8, 9])
 [134.42, 124.83, 123.27]

9:
 ((15, 22, 14, 19, 10, 24, 7, 21, 27, 26, 11, 1, 18, 4, 5, 9, 17, 8, 23, 12, 2, 25, 20, 16, 3, 6, 13), 127.19, [[-1, 15, 22, 14, 19, 10, 24, 7, 21, 27, 26, 11, 1, 18, -1], [0, 4, 5, 9, 17, 8, 23, 12, 2, 0], [-1, 25, 20, 16, 3, 6, 13, -1]], [75, 50, 75], [9, 5, 12])
 [136.52, 129.45, 127.19]

10:
 ((18, 1, 11, 16, 8, 19, 17, 22, 21, 23, 9, 20, 12, 10, 13, 25, 4, 7, 15, 26, 3, 14, 5, 6, 24, 27, 2), 122.99, [[-1, 18, 1, 11, 16, 8, 19, 17, 22, 21, 23, 9, 20, 12, -1], [0, 10, 13, 25, 0], [0, 4, 7, 15, 26, 3, 14, 5, 6, 24, 27, 2, 0]], [75, 75, 75], [5, 14, 9])
 [150.31, 137.75, 122.99]

11:
 ((2, 26, 27, 7, 17, 23, 15, 16, 11, 8, 12, 19, 14, 6, 25, 13, 22, 21, 5, 3, 24, 4, 10, 18, 20, 9, 1), 124.5, [[-1, 2, 26, 27, -1], [0, 7, 17, 23, 0], [-1, 15, 16, 11, 8, 12, 19, 14, 6, 25, -1], [-2, 13, 22, 21, -2], [-1, 5, 3, -1], [0, 24, 4, 10, 18, 20, 9, 1, 0]], [50, 40, 75, 75, 75, 75], [10, 3, 7, 14, 0, 5])
 [150.7, 139.99, 127.99, 124.5]

12:
 ((20, 10, 8, 16, 24, 9, 21, 22, 17, 23, 1, 7, 27, 5, 25, 4, 14, 19, 12, 6, 11, 26, 15, 13, 18, 2, 3), 120.51, [[-1, 20, 10, 8, 16, 24, 9, 21, 22, 17, 23, 1, 7, 27, 5, 25, -1], [0, 4, 0], [-2, 14, 19, 12, 6, 11, 26, 15, 13, 18, 2, 3, -2]], [75, 40, 75], [11, 4, 14])
 [165.78, 162.78, 139.45, 126.69, 120.51]

13:
 ((15, 22, 10, 8, 12, 14, 17, 27, 26, 16, 19, 21, 13, 4, 7, 18, 9, 20, 5, 23, 2, 24, 11, 3, 25, 6, 1), 127.37, [[-1, 15, 22, 10, 8, -1], [-1, 12, 14, 17, 27, 26, 16, 19, -1], [-2, 21, 13, -2], [0, 4, 7, 18, 0], [-1, 9, 20, 5, -1], [0, 23, 2, 0], [0, 24, 11, 3, 25, 6, 1, 0]], [75, 75, 40, 40, 40, 40, 75], [9, 14, 4, 7, 4, 0, 0])
 [133.49, 132.3, 128.53, 127.37]

14:
 ((23, 10, 19, 14, 1, 7, 4, 17, 24, 18, 5, 27, 26, 16, 2, 22, 25, 11, 12, 15, 21, 8, 13, 6, 9, 20, 3), 116.27, [[0, 23, 10, 19, 14, 1, 7, 4, 17, 24, 18, 0], [-1, 5, 27, 26, 16, 2, -1], [-1, 22, 25, 11, 12, 15, 21, 8, 13, -1], [-1, 6, 9, 20, 3, -1]], [75, 75, 75, 75], [11, 7, 12, 8])
 [154.5, 116.27]

15:
 ((9, 20, 10, 21, 8, 24, 18, 14, 5, 19, 12, 22, 23, 11, 1, 26, 27, 7, 6, 4, 16, 15, 3, 2, 17, 13, 25), 111.8, [[-1, 9, 20, 10, 21, 8, 24, 18, 14, 5, 19, 12, 22, -1], [0, 23, 11, 1, 26, 27, 7, 0], [-1, 6, 4, 16, 15, 3, 2, 17, 13, 25, -1]], [75, 75, 75], [8, 9, 9])
 [139.77, 137.96, 130.09, 111.8]

16:
 ((2, 22, 13, 16, 10, 17, 23, 19, 26, 18, 24, 7, 21, 9, 4, 8, 6, 1, 14, 5, 27, 20, 15, 3, 11, 25, 12), 112.31, [[-1, 2, 22, -1], [-2, 13, 16, 10, 17, 23, 19, 26, 18, 24, 7, 21, 9, 4, -2], [0, 8, 6, 1, 14, 5, 27, 20, 15, 3, 11, 25, 0], [-1, 12, -1]], [75, 75, 75, 75], [8, 12, 12, 2])
 [130.17, 112.31]

17:
 ((19, 16, 14, 26, 25, 2, 7, 3, 17, 18, 9, 23, 22, 8, 24, 12, 1, 20, 21, 13, 15, 4, 11, 5, 27, 10, 6), 129.19, [[0, 19, 16, 14, 26, 25, 0], [-1, 2, 7, 3, 17, 18, 9, 23, 22, -1], [0, 8, 24, 12, 1, 20, 21, 13, 15, 4, 11, 5, 27, 10, 0], [-1, 6, -1]], [75, 50, 75, 75], [12, 5, 4, 4])
 [158.58, 154.28, 141.69, 140.1, 129.19]

18:
 ((15, 3, 26, 4, 7, 24, 14, 11, 16, 6, 2, 9, 5, 13, 10, 19, 8, 21, 17, 1, 27, 22, 12, 20, 23, 18, 25), 107.74, [[-1, 15, 3, 26, 4, 7, 24, 14, 11, 16, 6, -1], [-1, 2, 9, 5, 13, 10, 19, 8, 21, 17, 1, 27, -1], [-1, 22, 12, 20, 23, 18, 25, -1]], [75, 75, 75], [5, 11, 10])
 [151.82, 139.24, 133.96, 127.27, 124.35, 107.74]

19:
 ((18, 21, 8, 26, 4, 17, 13, 20, 23, 12, 19, 22, 9, 24, 10, 16, 27, 5, 14, 25, 1, 11, 6, 3, 2, 15, 7), 122.9, [[-1, 18, 21, 8, -1], [-1, 26, -1], [0, 4, 17, 13, 20, 23, 12, 19, 0], [-1, 22, 9, 24, 10, 16, 27, 5, 14, 25, -1], [0, 1, 11, 6, 3, 2, 15, 7, 0]], [40, 40, 75, 75, 75], [0, 7, 10, 13, 3])
 [129.54, 122.9]

20:
 ((21, 2, 5, 14, 1, 8, 4, 20, 26, 15, 18, 13, 17, 11, 3, 25, 6, 23, 27, 10, 19, 12, 16, 24, 9, 7, 22), 125.94, [[-2, 21, 2, 5, 14, 1, 8, 4, -2], [-1, 20, -1], [-1, 26, 15, 18, 13, 17, 11, 3, 25, 6, -1], [0, 23, 27, 10, 19, 12, 16, 24, 9, 7, 22, 0]], [75, 40, 40, 75], [6, 1, 8, 10])
 [174.69, 143.2, 134.43, 125.94]

