1:
 ((1, 3, 5, 7, 4, 2, 6, 8), 30.53, [[-1, 1, -1], [0, 3, 5, 7, 4, 2, 6, 8, 0]], [40, 75], [0, 4])
 [36.95, 35.34, 32.09, 30.53]

2:
 ((2, 8, 4, 7, 5, 1, 3, 6), 29.38, [[0, 2, 8, 4, 7, 5, 1, 3, 0], [-1, 6, -1]], [75, 40], [12, 0])
 [29.38]

3:
 ((7, 8, 4, 2, 3, 1, 5, 6), 30.73, [[-1, 7, 8, 4, 2, 3, 1, 5, -1], [-1, 6, -1]], [75, 75], [12, 0])
 [30.73]

4:
 ((6, 8, 4, 7, 5, 3, 2, 1), 28.74, [[-1, 6, 8, 4, 7, 5, 3, 2, 1, -1]], [50], [3])
 [28.74]

5:
 ((6, 2, 8, 4, 3, 7, 5, 1), 34.02, [[-1, 6, 2, 8, 4, 3, 7, 5, 1, -1]], [75], [8])
 [34.33, 34.02]

6:
 ((5, 4, 7, 2, 3, 1, 8, 6), 31.45, [[-1, 5, 4, 7, 2, 3, 1, 8, 6, -1]], [75], [8])
 [32.54, 31.45]

7:
 ((6, 8, 7, 4, 2, 3, 1, 5), 28.86, [[-1, 6, 8, 7, 4, 2, 3, 1, 5, -1]], [75], [9])
 [42.7, 41.72, 28.86]

8:
 ((6, 8, 4, 5, 7, 2, 3, 1), 31.12, [[-1, 6, 8, 4, 5, 7, 2, 3, 1, -1]], [75], [6])
 [31.85, 31.12]

9:
 ((7, 5, 3, 1, 8, 4, 2, 6), 29.43, [[-1, 7, 5, 3, 1, 8, 4, 2, 6, -1]], [75], [1])
 [31.93, 29.43]

10:
 ((2, 6, 8, 4, 1, 3, 5, 7), 31.88, [[0, 2, 6, 8, 4, 1, 3, 5, 7, 0]], [75], [8])
 [34.39, 32.9, 31.88]

11:
 ((6, 2, 3, 1, 8, 4, 7, 5), 27.76, [[-1, 6, 2, 3, 1, 8, 4, 7, 5, -1]], [75], [3])
 [37.25, 33.03, 27.76]

12:
 ((6, 8, 4, 7, 5, 2, 3, 1), 31.53, [[-1, 6, 8, 4, 7, 5, 2, 3, 1, -1]], [75], [6])
 [31.53]

13:
 ((7, 4, 2, 3, 1, 8, 6, 5), 28.47, [[-1, 7, 4, 2, 3, 1, 8, 6, -1], [-1, 5, -1]], [75, 75], [11, 0])
 [28.47]

14:
 ((8, 6, 2, 1, 5, 4, 7, 3), 32.09, [[0, 8, 6, 2, 1, 5, 4, 7, 3, 0]], [75], [4])
 [37.35, 36.86, 34.19, 32.09]

15:
 ((2, 3, 7, 4, 5, 1, 6, 8), 30.43, [[0, 2, 3, 7, 4, 5, 1, 6, 8, 0]], [75], [7])
 [38.1, 35.14, 30.43]

16:
 ((1, 2, 3, 7, 5, 4, 8, 6), 30.74, [[-1, 1, 2, 3, 7, 5, 4, 8, 6, -1]], [40], [0])
 [30.74]

17:
 ((5, 1, 3, 2, 4, 8, 6, 7), 32.58, [[-1, 5, 1, 3, 2, 4, 8, 6, 7, -1]], [75], [0])
 [33.02, 32.58]

18:
 ((1, 4, 8, 6, 2, 3, 7, 5), 32.09, [[-1, 1, 4, 8, 6, 2, 3, 7, 5, -1]], [75], [2])
 [42.21, 32.09]

19:
 ((2, 4, 8, 1, 3, 5, 7, 6), 29.4, [[0, 2, 4, 8, 1, 3, 5, 7, 0], [-1, 6, -1]], [75, 75], [11, 0])
 [32.43, 29.4]

20:
 ((5, 3, 2, 1, 6, 8, 4, 7), 30.62, [[-1, 5, 3, 2, 1, -1], [-1, 6, 8, 4, 7, -1]], [50, 75], [0, 3])
 [36.96, 30.62]

