1:
 ((13, 18, 33, 15, 21, 25, 34, 23, 14, 39, 32, 38, 26, 7, 10, 43, 35, 4, 9, 29, 28, 24, 31, 16, 3, 19, 30, 11, 17, 8, 41, 5, 27, 12, 20, 22, 2, 42, 37, 6, 45, 40, 36, 1, 44), 218.5, [[-2, 13, 18, 33, 15, -2], [-4, 21, 25, 34, 23, -4], [-3, 14, 39, 32, 38, -3], [-4, 26, 7, 10, 43, 35, -4], [-1, 4, 9, 29, 28, 24, -1], [0, 31, 0], [-3, 16, 3, 19, 30, -3], [-1, 11, 17, 8, 41, 5, -1], [-4, 27, 12, -4], [-2, 20, 22, 2, 42, 37, 6, -2], [-1, 45, 40, 36, 1, -1], [-2, 44, -2]], [75, 75, 75, 40, 50, 40, 75, 40, 40, 75, 40, 50], [10, 12, 13, 3, 5, 6, 13, 7, 5, 0, 4, 0])
 [249.67, 227.43, 223.32, 222.81, 220.15, 218.5]

2:
 ((13, 27, 34, 11, 41, 12, 17, 37, 33, 7, 18, 39, 3, 26, 10, 32, 22, 44, 15, 43, 36, 5, 31, 19, 30, 14, 16, 35, 42, 38, 1, 4, 6, 23, 29, 40, 24, 28, 20, 21, 25, 2, 45, 9, 8), 205.12, [[-2, 13, 27, 34, -2], [-1, 11, 41, 12, 17, 37, 33, 7, 18, 39, -1], [-3, 3, 26, 10, 32, 22, -3], [-2, 44, 15, 43, 36, 5, -2], [0, 31, 0], [-3, 19, 30, 14, -3], [-3, 16, 35, -3], [-3, 42, 38, 1, 4, 6, 23, 29, 40, 24, 28, 20, 21, 25, -3], [-3, 2, 45, 9, -3], [-4, 8, -4]], [75, 75, 50, 50, 40, 75, 40, 75, 75, 40], [12, 7, 5, 2, 6, 11, 7, 4, 13, 3])
 [223.91, 218.86, 216.25, 205.12]

3:
 ((11, 33, 14, 3, 43, 22, 45, 36, 15, 29, 44, 24, 20, 2, 7, 1, 21, 39, 30, 12, 37, 19, 42, 35, 9, 4, 16, 28, 17, 10, 6, 40, 18, 34, 25, 5, 13, 31, 27, 8, 38, 23, 26, 32, 41), 205.09, [[-1, 11, 33, -1], [-3, 14, -3], [-3, 3, 43, 22, 45, 36, 15, 29, -3], [-2, 44, 24, -2], [-2, 20, 2, 7, 1, 21, 39, 30, 12, 37, 19, -2], [-3, 42, 35, 9, 4, 16, -3], [-1, 28, 17, 10, 6, 40, -1], [0, 18, 34, 0], [0, 25, 5, 13, 0], [0, 31, 0], [-4, 27, -4], [-4, 8, 38, 23, 26, 32, 41, -4]], [40, 40, 50, 40, 75, 75, 75, 50, 75, 40, 40, 75], [7, 6, 4, 0, 4, 10, 9, 10, 8, 6, 5, 7])
 [247.65, 237.78, 218.07, 205.8, 205.09]

4:
 ((22, 8, 2, 10, 5, 43, 38, 41, 14, 25, 4, 23, 37, 31, 27, 15, 45, 30, 24, 16, 12, 9, 32, 17, 35, 1, 19, 3, 6, 7, 44, 42, 26, 18, 20, 11, 34, 39, 21, 28, 29, 40, 36, 33, 13), 217.61, [[-3, 22, 8, 2, 10, 5, 43, 38, 41, 14, -3], [0, 25, 4, 23, 37, 31, 0], [-4, 27, 15, 45, 30, 24, -4], [-3, 16, 12, 9, 32, 17, 35, 1, 19, -3], [-3, 3, -3], [-2, 6, 7, 44, 42, 26, 18, 20, 11, -2], [0, 34, 0], [-4, 39, 21, 28, 29, 40, 36, 33, -4], [-2, 13, -2]], [75, 50, 75, 75, 40, 75, 40, 75, 50], [7, 3, 12, 14, 3, 12, 6, 12, 1])
 [259.04, 226.01, 219.17, 217.61]

5:
 ((16, 12, 42, 3, 24, 37, 1, 29, 23, 8, 25, 44, 13, 7, 18, 26, 15, 17, 34, 40, 39, 9, 30, 38, 4, 20, 35, 19, 28, 27, 43, 6, 45, 32, 31, 14, 33, 41, 5, 10, 2, 36, 22, 11, 21), 195.39, [[-3, 16, 12, 42, 3, 24, 37, 1, 29, 23, 8, 25, 44, 13, 7, 18, -3], [-4, 26, 15, 17, 34, 40, 39, -4], [-1, 9, 30, 38, 4, 20, 35, 19, 28, -1], [-4, 27, 43, 6, -4], [-1, 45, 32, 31, -1], [-3, 14, 33, 41, 5, 10, 2, 36, 22, 11, 21, -3]], [75, 75, 75, 75, 75, 75], [8, 11, 10, 12, 13, 12])
 [205.67, 195.39]

6:
 ((12, 43, 9, 33, 31, 34, 22, 28, 19, 35, 18, 17, 20, 41, 10, 42, 2, 45, 3, 8, 44, 25, 15, 6, 7, 1, 29, 39, 24, 40, 38, 13, 32, 26, 11, 27, 36, 30, 37, 23, 16, 14, 4, 5, 21), 210.28, [[0, 12, 43, 9, 33, 0], [0, 31, 0], [0, 34, 22, 28, 19, 35, 0], [0, 18, 17, 20, 41, 10, 0], [-3, 42, 2, -3], [-1, 45, 3, 8, 44, 25, 15, -1], [-2, 6, 7, 1, 29, 39, 24, 40, 38, 13, -2], [-3, 32, 26, 11, 27, 36, -3], [-3, 30, 37, 23, 16, 14, 4, 5, 21, -3]], [75, 50, 75, 75, 50, 75, 75, 75, 75], [8, 6, 12, 4, 6, 10, 7, 14, 11])
 [246.33, 228.45, 228.4, 227.62, 210.55, 210.28]

7:
 ((43, 44, 42, 7, 2, 28, 13, 22, 20, 11, 19, 10, 31, 38, 14, 30, 12, 27, 40, 1, 9, 45, 21, 6, 8, 33, 37, 35, 15, 25, 36, 16, 17, 32, 41, 18, 5, 29, 23, 26, 3, 39, 4, 24, 34), 197.16, [[-1, 43, 44, 42, 7, 2, -1], [-1, 28, -1], [-2, 13, 22, 20, 11, 19, -2], [-3, 10, 31, 38, 14, -3], [-3, 30, 12, 27, 40, 1, 9, -3], [-1, 45, 21, 6, -1], [-4, 8, 33, 37, 35, 15, 25, 36, -4], [-3, 16, 17, 32, 41, 18, 5, 29, 23, 26, 3, 39, 4, 24, -3], [0, 34, 0]], [75, 40, 75, 75, 75, 75, 75, 75, 75], [5, 7, 1, 9, 9, 12, 12, 14, 6])
 [275.25, 244.24, 234.68, 233.64, 197.16]

8:
 ((8, 32, 5, 3, 25, 16, 37, 33, 4, 22, 35, 18, 42, 28, 38, 1, 31, 43, 2, 34, 17, 36, 40, 23, 15, 20, 14, 12, 19, 27, 26, 11, 6, 30, 21, 45, 24, 39, 41, 10, 29, 7, 9, 13, 44), 212.62, [[-4, 8, 32, 5, 3, -4], [0, 25, 16, 37, 33, 4, 22, 35, 18, 42, 0], [-1, 28, 38, 1, 31, 43, -1], [-3, 2, 34, 17, -3], [-4, 36, 40, 23, 15, 20, 14, 12, 19, 27, -4], [-4, 26, 11, -4], [-2, 6, -2], [-3, 30, 21, 45, 24, 39, 41, 10, 29, 7, 9, -3], [-2, 13, 44, -2]], [75, 75, 75, 50, 75, 50, 40, 75, 40], [14, 11, 13, 10, 3, 5, 6, 11, 1])
 [255.73, 239.04, 237.1, 229.69, 222.96, 221.92, 212.62]

9:
 ((21, 20, 8, 26, 40, 38, 33, 1, 41, 14, 7, 43, 6, 35, 12, 31, 4, 15, 25, 13, 22, 17, 16, 27, 28, 36, 9, 5, 45, 11, 30, 23, 29, 18, 39, 24, 3, 42, 44, 19, 34, 32, 37, 10, 2), 196.04, [[-4, 21, 20, 8, 26, 40, 38, 33, 1, 41, -4], [-3, 14, -3], [0, 7, 43, 0], [-2, 6, 35, 12, 31, 4, 15, 25, 13, 22, 17, 16, -2], [-4, 27, 28, 36, -4], [-1, 9, 5, -1], [-1, 45, 11, 30, 23, 29, 18, 39, 24, -1], [-3, 3, 42, 44, 19, 34, -3], [-3, 32, 37, 10, 2, -3]], [75, 40, 40, 75, 75, 50, 50, 75, 50], [8, 6, 2, 11, 12, 10, 8, 11, 4])
 [251.95, 221.35, 214.65, 211.38, 196.04]

10:
 ((6, 18, 4, 17, 29, 39, 14, 7, 22, 12, 9, 31, 25, 21, 23, 19, 32, 43, 33, 37, 45, 3, 34, 27, 13, 38, 16, 30, 8, 41, 10, 26, 44, 35, 28, 20, 1, 36, 40, 11, 2, 42, 5, 24, 15), 206.35, [[-2, 6, -2], [0, 18, 4, 17, 29, 39, 14, 7, 22, 12, 9, 31, 0], [0, 25, 21, 23, 19, 32, 43, 0], [-3, 33, 37, 45, 3, -3], [0, 34, 0], [-4, 27, 13, 38, 16, -4], [-3, 30, 8, 41, 10, 26, 44, 35, 28, 20, 1, 36, 40, 11, 2, -3], [-3, 42, 5, 24, 15, -3]], [40, 75, 75, 75, 40, 75, 75, 75], [6, 6, 11, 9, 6, 12, 7, 8])
 [247.52, 245.78, 233.86, 230.73, 226.94, 224.33, 218.39, 206.35]

11:
 ((31, 32, 18, 28, 38, 13, 21, 19, 4, 44, 9, 30, 10, 43, 23, 15, 12, 27, 24, 16, 2, 29, 7, 40, 5, 26, 1, 22, 36, 35, 3, 20, 6, 37, 33, 8, 11, 14, 45, 42, 25, 41, 34, 39, 17), 211.5, [[0, 31, 32, 0], [0, 18, 28, 38, 13, 0], [-4, 21, 19, 4, 44, 9, 30, 10, 43, 23, 15, 12, 27, 24, 16, -4], [-3, 2, 29, 7, 40, 5, 26, 1, 22, 36, 35, 3, 20, 6, 37, 33, -3], [-4, 8, 11, -4], [-3, 14, 45, 42, -3], [0, 25, 41, 34, 0], [-4, 39, 17, -4]], [50, 75, 75, 75, 40, 75, 40, 75], [10, 13, 9, 8, 6, 11, 7, 2])
 [229.28, 212.67, 212.56, 211.5]

12:
 ((44, 14, 40, 43, 22, 9, 20, 5, 33, 35, 31, 24, 2, 4, 6, 34, 32, 16, 11, 36, 41, 37, 12, 42, 39, 1, 19, 27, 21, 26, 15, 23, 8, 13, 18, 3, 30, 7, 28, 17, 38, 29, 10, 25, 45), 220.48, [[-2, 44, 14, 40, 43, 22, 9, 20, 5, 33, 35, -2], [0, 31, 24, 2, 4, 6, 0], [0, 34, 32, 16, 0], [-1, 11, 36, 41, 37, 12, -1], [-3, 42, 39, 1, 19, 27, 21, -3], [-4, 26, 15, 23, 8, 13, 18, 3, -4], [-3, 30, 7, 28, 17, 38, 29, 10, 25, 45, -3]], [75, 75, 75, 40, 75, 75, 75], [9, 12, 15, 3, 13, 11, 10])
 [258.67, 250.66, 220.48]

13:
 ((4, 16, 2, 24, 39, 19, 30, 15, 36, 12, 10, 9, 27, 40, 18, 41, 44, 3, 26, 6, 35, 20, 33, 34, 22, 13, 37, 1, 5, 43, 32, 7, 11, 31, 23, 17, 14, 29, 8, 45, 25, 21, 38, 28, 42), 212.91, [[-1, 4, 16, 2, 24, -1], [-4, 39, 19, 30, 15, 36, 12, 10, 9, 27, -4], [0, 40, 18, 41, 44, 3, 26, 6, 35, 20, 33, 0], [0, 34, 22, 13, 37, 1, 5, 43, 32, 7, 0], [-1, 11, 31, 23, 17, 14, 29, 8, 45, -1], [0, 25, 21, 38, 28, 0], [-3, 42, -3]], [50, 75, 75, 75, 75, 75, 75], [5, 11, 13, 8, 13, 14, 2])
 [227.3, 222.68, 220.06, 212.91]

14:
 ((32, 26, 28, 17, 11, 24, 40, 16, 30, 14, 12, 45, 6, 21, 4, 42, 23, 38, 27, 3, 20, 15, 37, 10, 36, 41, 13, 18, 25, 44, 19, 5, 29, 22, 7, 2, 35, 33, 43, 9, 34, 8, 1, 39, 31), 210.11, [[-3, 32, 26, 28, 17, 11, -3], [-2, 24, 40, 16, -2], [-3, 30, 14, 12, 45, -3], [-2, 6, 21, 4, -2], [-3, 42, 23, 38, 27, 3, 20, 15, 37, 10, -3], [-4, 36, 41, 13, 18, 25, 44, 19, 5, 29, 22, -4], [0, 7, 2, 35, 33, 43, 0], [-1, 9, -1], [0, 34, 0], [-4, 8, 1, 39, -4], [0, 31, 0]], [75, 50, 75, 50, 75, 75, 75, 50, 40, 40, 50], [15, 7, 8, 9, 8, 9, 12, 6, 6, 3, 6])
 [246.17, 232.09, 230.28, 223.82, 210.11]

15:
 ((14, 7, 29, 23, 45, 41, 33, 17, 25, 27, 44, 16, 26, 43, 11, 8, 18, 28, 12, 42, 21, 30, 24, 40, 22, 36, 15, 35, 34, 32, 5, 3, 4, 20, 37, 10, 2, 39, 19, 38, 9, 31, 6, 1, 13), 204.09, [[-3, 14, -3], [0, 7, 29, 23, 45, 41, 33, 17, 25, 0], [-4, 27, 44, 16, 26, 43, 11, -4], [-4, 8, 18, 28, 12, -4], [-3, 42, 21, 30, 24, 40, 22, 36, 15, 35, -3], [0, 34, 0], [-3, 32, 5, 3, 4, 20, 37, -3], [-3, 10, 2, 39, 19, 38, -3], [-1, 9, -1], [0, 31, 6, 1, 13, 0]], [40, 50, 75, 75, 75, 40, 75, 75, 40, 75], [6, 1, 13, 14, 9, 6, 11, 6, 6, 12])
 [213.79, 204.09]

16:
 ((27, 11, 39, 6, 33, 9, 36, 41, 25, 15, 35, 37, 8, 4, 31, 23, 30, 3, 14, 20, 16, 19, 44, 12, 42, 5, 10, 32, 17, 34, 13, 43, 22, 28, 21, 29, 40, 1, 7, 45, 24, 2, 18, 26, 38), 213.2, [[-4, 27, 11, -4], [-4, 39, -4], [-2, 6, -2], [-3, 33, 9, 36, 41, 25, 15, 35, 37, -3], [-4, 8, 4, 31, 23, 30, 3, -4], [-3, 14, 20, 16, -3], [-3, 19, 44, 12, 42, 5, 10, 32, 17, 34, -3], [-2, 13, 43, 22, 28, 21, 29, 40, 1, 7, 45, 24, -2], [-3, 2, 18, 26, 38, -3]], [40, 40, 40, 75, 75, 40, 75, 75, 75], [8, 2, 6, 13, 6, 6, 8, 6, 11])
 [237.12, 229.51, 213.2]

17:
 ((7, 5, 19, 12, 17, 1, 25, 43, 22, 10, 39, 32, 45, 9, 14, 13, 2, 24, 29, 15, 30, 11, 18, 3, 37, 33, 40, 6, 21, 20, 41, 27, 4, 31, 34, 42, 35, 28, 26, 36, 8, 44, 23, 38, 16), 212.22, [[0, 7, 5, 19, 12, 17, 1, 25, 43, 22, 10, 39, 32, 45, 0], [-1, 9, 14, 13, -1], [-3, 2, 24, 29, 15, 30, 11, -3], [0, 18, 3, 37, 33, 0], [0, 40, 6, 21, 20, 41, 27, 4, 31, 0], [0, 34, 0], [-3, 42, 35, -3], [-1, 28, 26, 36, 8, 44, 23, 38, 16, -1]], [75, 75, 50, 50, 75, 40, 50, 75], [8, 13, 7, 10, 10, 6, 4, 11])
 [239.91, 228.21, 220.38, 212.22]

18:
 ((39, 30, 8, 5, 13, 44, 25, 10, 9, 37, 2, 19, 21, 36, 14, 33, 45, 34, 4, 42, 28, 40, 31, 17, 15, 16, 12, 3, 38, 23, 35, 41, 29, 6, 43, 24, 26, 20, 11, 32, 18, 7, 22, 27, 1), 201.05, [[-4, 39, 30, 8, 5, -4], [-2, 13, 44, 25, 10, 9, 37, 2, 19, -2], [-4, 21, 36, 14, 33, -4], [-1, 45, -1], [0, 34, 4, 42, 0], [-1, 28, 40, -1], [0, 31, 17, 15, 16, 12, 3, 38, 23, 35, 41, 29, 6, 43, 24, 0], [-4, 26, 20, 11, 32, -4], [0, 18, 7, 22, 27, 1, 0]], [75, 75, 75, 40, 50, 75, 75, 40, 40], [11, 9, 12, 3, 6, 8, 13, 3, 5])
 [249.86, 214.2, 211.73, 201.05]

19:
 ((19, 33, 35, 43, 39, 4, 27, 36, 10, 3, 18, 12, 28, 8, 20, 15, 37, 1, 14, 7, 11, 44, 22, 13, 32, 41, 25, 23, 38, 29, 5, 26, 2, 30, 31, 6, 42, 17, 40, 34, 9, 45, 24, 16, 21), 208.54, [[-3, 19, 33, 35, -3], [-1, 43, 39, 4, 27, 36, 10, 3, 18, 12, 28, -1], [-4, 8, 20, 15, 37, 1, 14, 7, 11, 44, 22, 13, 32, 41, 25, 23, 38, 29, 5, 26, -4], [-3, 2, 30, -3], [0, 31, 6, 0], [-3, 42, 17, 40, 34, -3], [-1, 9, 45, 24, -1], [-3, 16, 21, -3]], [50, 75, 75, 40, 75, 75, 75, 50], [9, 9, 5, 6, 12, 8, 10, 8])
 [239.37, 219.96, 218.83, 210.2, 208.54]

20:
 ((20, 11, 22, 28, 25, 9, 26, 35, 5, 8, 17, 4, 34, 40, 44, 7, 41, 32, 33, 43, 15, 12, 30, 13, 37, 29, 45, 27, 2, 10, 24, 6, 18, 31, 14, 16, 23, 38, 3, 36, 1, 21, 42, 39, 19), 194.25, [[-2, 20, 11, 22, 28, 25, -2], [-1, 9, 26, 35, 5, -1], [-4, 8, 17, 4, 34, 40, 44, 7, 41, 32, 33, 43, -4], [-1, 15, 12, 30, 13, 37, 29, 45, -1], [-4, 27, 2, 10, 24, 6, -4], [0, 18, 31, 0], [-3, 14, 16, 23, 38, 3, 36, 1, 21, -3], [-3, 42, 39, 19, -3]], [75, 75, 75, 50, 75, 75, 75, 75], [1, 14, 9, 1, 12, 10, 12, 7])
 [219.8, 194.25]

