1:
 ((7, 22, 14, 21, 24, 12, 5, 9, 8, 20, 19, 10, 2, 3, 17, 4, 16, 25, 26, 23, 1, 27, 11, 15, 18, 13, 6), 123.75, [[0, 7, 22, 14, 21, 24, 0], [-1, 12, 5, 9, 8, 20, 19, 10, 2, 3, 17, 4, 16, 25, -1], [-1, 26, 23, 1, 27, 11, 15, 18, 13, 6, -1]], [75, 75, 75], [14, 9, 11])
 [144.14, 127.47, 123.75]

2:
 ((3, 20, 5, 1, 27, 10, 24, 18, 13, 17, 6, 25, 15, 19, 9, 11, 14, 4, 7, 21, 8, 26, 2, 16, 22, 12, 23), 114.33, [[-2, 3, 20, 5, 1, 27, 10, 24, 18, 13, 17, 6, 25, 15, 19, 9, 11, 14, -2], [0, 4, 7, 21, 8, 0], [-1, 26, 2, -1], [0, 16, 22, 12, 23, 0]], [75, 75, 40, 75], [4, 7, 8, 10])
 [171.96, 141.56, 132.44, 129.8, 116.54, 114.33]

3:
 ((14, 26, 5, 3, 12, 22, 4, 16, 19, 13, 15, 20, 21, 6, 23, 18, 10, 9, 1, 25, 11, 7, 17, 27, 24, 8, 2), 105.3, [[-2, 14, 26, 5, 3, 12, 22, -2], [0, 4, 16, 19, 13, 15, 20, 21, 6, 23, 18, 10, 9, 1, 0], [-1, 25, 11, 7, 17, 27, 24, 8, 2, -1]], [75, 75, 75], [12, 11, 4])
 [154.5, 138.44, 128.02, 123.0, 105.3]

4:
 ((19, 9, 21, 16, 25, 17, 20, 12, 27, 10, 11, 5, 22, 26, 6, 24, 7, 15, 18, 4, 13, 23, 2, 14, 1, 8, 3), 119.08, [[0, 19, 9, 21, 16, 25, 17, 20, 12, 27, 10, 11, 5, 0], [-1, 22, 26, -1], [-1, 6, 24, 7, 15, 18, -1], [0, 4, 13, 23, 2, 0], [-2, 14, 1, 8, 3, -2]], [75, 75, 50, 75, 75], [8, 14, 4, 11, 8])
 [135.78, 119.08]

5:
 ((21, 20, 12, 5, 19, 7, 25, 16, 13, 23, 2, 24, 18, 27, 17, 22, 26, 15, 3, 4, 9, 8, 1, 14, 11, 6, 10), 114.89, [[-2, 21, 20, 12, 5, 19, 7, 25, 16, -2], [-2, 13, 23, 2, 24, 18, 27, 17, 22, 26, 15, 3, -2], [0, 4, 9, 8, 1, 0], [-2, 14, 11, 6, 10, -2]], [75, 75, 75, 50], [0, 12, 11, 10])
 [134.92, 130.08, 123.97, 114.89]

6:
 ((17, 13, 1, 7, 2, 22, 21, 5, 16, 23, 6, 25, 11, 8, 20, 4, 9, 10, 27, 18, 12, 14, 15, 26, 3, 24, 19), 119.93, [[0, 17, 13, 1, 0], [0, 7, 2, 0], [-1, 22, 21, 5, 16, 23, 6, 25, 11, 8, 20, -1], [0, 4, 9, 10, 27, 18, 0], [-1, 12, 14, 15, 26, 3, 24, 19, -1]], [40, 50, 75, 75, 75], [6, 4, 8, 13, 8])
 [155.79, 135.57, 133.01, 122.9, 119.93]

7:
 ((10, 23, 3, 20, 9, 18, 1, 12, 22, 24, 2, 15, 4, 17, 13, 5, 16, 26, 27, 11, 14, 6, 8, 21, 25, 7, 19), 111.29, [[0, 10, 23, 3, 20, 9, 18, 1, 12, 0], [-1, 22, 24, 2, 15, 4, 17, 13, 5, 16, 26, -1], [-1, 27, 11, 14, 6, 8, 21, 25, 7, 19, -1]], [75, 75, 75], [4, 9, 14])
 [156.97, 111.29]

8:
 ((16, 4, 22, 12, 19, 11, 26, 5, 20, 25, 7, 6, 2, 21, 15, 27, 1, 17, 13, 18, 9, 8, 24, 14, 23, 3, 10), 121.16, [[0, 16, 4, 0], [-1, 22, 12, 19, 11, 26, 5, 20, 25, -1], [0, 7, 6, 2, 21, 15, 27, 1, 17, 13, 18, 9, 8, 24, 14, 23, 3, 10, 0]], [40, 75, 75], [5, 11, 13])
 [160.0, 123.13, 121.16]

9:
 ((11, 23, 14, 21, 22, 2, 16, 19, 12, 15, 26, 3, 17, 1, 9, 7, 8, 27, 25, 10, 18, 24, 6, 4, 5, 20, 13), 126.47, [[-2, 11, 23, 14, 21, 22, 2, 16, 19, 12, 15, 26, 3, 17, 1, 9, 7, -2], [0, 8, 27, 25, 10, 18, 24, 6, 4, 5, 20, 0], [-2, 13, -2]], [75, 75, 75], [8, 12, 7])
 [141.01, 137.27, 136.78, 132.13, 131.83, 126.85, 126.47]

10:
 ((27, 16, 14, 6, 3, 12, 22, 5, 19, 7, 8, 11, 15, 26, 18, 13, 4, 17, 25, 1, 23, 10, 9, 24, 21, 20, 2), 124.96, [[-1, 27, 16, 14, 6, 3, 12, -1], [-1, 22, 5, 19, 7, 8, 11, 15, 26, 18, 13, -1], [0, 4, 17, 25, 1, 23, 10, 9, 24, 21, 20, 2, 0]], [75, 75, 75], [11, 12, 11])
 [145.19, 140.5, 138.04, 132.07, 127.81, 124.96]

11:
 ((27, 13, 23, 20, 3, 17, 4, 9, 21, 22, 7, 12, 25, 6, 15, 16, 8, 5, 11, 14, 19, 10, 26, 18, 24, 2, 1), 119.98, [[-1, 27, 13, 23, 20, 3, 17, 4, 9, 21, -1], [-1, 22, 7, 12, -1], [-1, 25, 6, 15, 16, 8, 5, 11, 14, 19, 10, 26, 18, 24, 2, 1, -1]], [75, 75, 75], [9, 12, 12])
 [154.26, 134.35, 131.21, 127.57, 119.98]

12:
 ((18, 10, 5, 25, 6, 14, 19, 9, 12, 4, 8, 16, 24, 27, 17, 11, 26, 15, 3, 23, 2, 20, 22, 13, 1, 7, 21), 119.89, [[-1, 18, 10, 5, 25, 6, 14, 19, 9, 12, -1], [0, 4, 8, 16, 24, 27, 17, 11, 26, 15, 3, 23, 2, 0], [-1, 20, 22, -1], [-2, 13, 1, 7, 21, -2]], [75, 75, 75, 75], [12, 8, 8, 11])
 [151.2, 137.28, 128.26, 123.99, 119.89]

13:
 ((16, 22, 7, 21, 9, 20, 23, 11, 1, 8, 27, 10, 19, 6, 17, 2, 5, 13, 25, 15, 26, 4, 3, 12, 18, 14, 24), 122.12, [[0, 16, 22, 7, 21, 9, 20, 23, 11, 1, 8, 0], [-1, 27, 10, 19, 6, 17, 2, 5, 13, 25, 15, 26, -1], [0, 4, 3, 12, 18, 14, 24, 0]], [75, 75, 75], [12, 14, 5])
 [160.85, 127.28, 124.31, 122.12]

14:
 ((6, 27, 22, 26, 15, 7, 8, 9, 2, 4, 13, 14, 21, 1, 19, 10, 16, 25, 17, 3, 11, 5, 12, 20, 18, 23, 24), 127.33, [[-1, 6, 27, 22, -1], [-1, 26, 15, 7, 8, 9, 2, -1], [0, 4, 0], [-2, 13, 14, 21, 1, 19, 10, 16, 25, 17, 3, 11, -2], [-1, 5, 12, 20, 18, 23, 24, -1]], [75, 75, 50, 75, 75], [13, 12, 4, 14, 0])
 [143.49, 133.51, 131.19, 127.33]

15:
 ((11, 23, 22, 18, 14, 19, 24, 9, 5, 8, 7, 4, 6, 25, 15, 20, 12, 1, 3, 17, 10, 13, 21, 2, 26, 16, 27), 119.82, [[-2, 11, 23, 22, 18, 14, 19, 24, 9, 5, 8, 7, 4, -2], [-1, 6, 25, 15, 20, 12, 1, 3, 17, 10, 13, 21, 2, -1], [-1, 26, 16, 27, -1]], [75, 75, 75], [6, 11, 10])
 [166.77, 147.01, 137.75, 134.61, 126.38, 119.82]

16:
 ((4, 14, 19, 24, 1, 18, 11, 16, 8, 9, 22, 27, 7, 10, 12, 17, 6, 3, 23, 25, 20, 21, 13, 5, 2, 15, 26), 127.19, [[0, 4, 0], [-2, 14, 19, 24, 1, 18, 11, 16, 8, 9, 22, -2], [-1, 27, 7, 10, 12, 17, 6, 3, 23, 25, -1], [-1, 20, 21, 13, 5, 2, 15, 26, -1]], [40, 75, 75, 75], [4, 6, 13, 5])
 [147.77, 143.16, 134.31, 127.19]

17:
 ((26, 3, 10, 6, 16, 4, 8, 15, 18, 1, 13, 24, 11, 25, 20, 12, 5, 27, 17, 14, 2, 7, 19, 22, 9, 21, 23), 125.35, [[-1, 26, 3, 10, 6, 16, -1], [0, 4, 8, 15, 18, 1, 13, 24, 11, 25, 20, 12, 5, 27, 17, 14, 2, 7, 19, 0], [-1, 22, 9, 21, 23, -1]], [75, 75, 75], [12, 10, 10])
 [148.26, 138.92, 125.35]

18:
 ((22, 12, 1, 4, 7, 26, 18, 19, 5, 20, 3, 2, 23, 6, 25, 13, 11, 17, 10, 16, 21, 15, 8, 9, 27, 24, 14), 132.22, [[-1, 22, 12, 1, -1], [0, 4, 7, 26, 18, 19, 0], [-1, 5, 20, 3, 2, 23, 6, 25, -1], [-2, 13, 11, 17, 10, 16, -2], [-2, 21, 15, 8, 9, 27, 24, 14, -2]], [75, 75, 75, 40, 50], [10, 14, 0, 8, 0])
 [155.64, 147.13, 136.86, 136.48, 132.22]

19:
 ((13, 15, 27, 3, 26, 25, 20, 21, 8, 5, 2, 23, 17, 18, 7, 11, 12, 14, 19, 22, 10, 1, 24, 6, 9, 16, 4), 122.05, [[-2, 13, 15, 27, 3, 26, 25, 20, 21, 8, 5, 2, 23, 17, 18, 7, 11, -2], [-1, 12, 14, 19, -1], [-1, 22, 10, 1, 24, 6, 9, 16, -1], [0, 4, 0]], [75, 50, 75, 75], [11, 6, 13, 4])
 [162.43, 142.78, 122.05]

20:
 ((15, 3, 5, 9, 4, 16, 18, 6, 14, 25, 11, 8, 7, 27, 13, 1, 26, 19, 24, 2, 23, 22, 17, 10, 21, 12, 20), 131.05, [[-1, 15, 3, -1], [-1, 5, 9, 4, 16, 18, -1], [-1, 6, 14, 25, 11, 8, -1], [0, 7, 27, 13, 1, 0], [-1, 26, 19, 24, 2, 23, 22, 17, 10, 21, 12, 20, -1]], [50, 50, 75, 75, 75], [0, 4, 12, 13, 7])
 [154.2, 147.49, 136.04, 131.05]

