1:
 ((44, 4, 65, 22, 85, 69, 6, 31, 68, 47, 53, 62, 84, 81, 5, 66, 39, 80, 88, 42, 46, 24, 63, 20, 40, 9, 36, 15, 10, 34, 18, 74, 89, 90, 23, 55, 72, 32, 19, 77, 17, 28, 76, 67, 2, 64, 73, 14, 78, 71, 3, 60, 57, 51, 82, 50, 30, 26, 1, 29, 43, 11, 13, 58, 59, 70, 48, 38, 33, 7, 21, 49, 27, 54, 12, 37, 87, 45, 75, 52, 25, 83, 35, 8, 79, 86, 56, 16, 61, 41), 409.43, [[-7, 44, 4, -7], [-1, 65, 22, 85, 69, 6, 31, 68, 47, 53, -1], [-3, 62, 84, 81, 5, 66, 39, 80, 88, -3], [-2, 42, 46, 24, 63, 20, 40, -2], [-3, 9, 36, 15, 10, 34, 18, 74, 89, -3], [-9, 90, -9], [-2, 23, 55, 72, 32, 19, 77, 17, 28, -2], [0, 76, 67, 2, 64, 0], [-2, 73, 14, 78, 71, 3, 60, 57, 51, -2], [-1, 82, 50, 30, 26, -1], [-7, 1, 29, 43, 11, 13, 58, 59, 70, 48, -7], [-2, 38, 33, -2], [-3, 7, -3], [-2, 21, 49, 27, -2], [-1, 54, -1], [-5, 12, -5], [-7, 37, 87, 45, 75, 52, 25, -7], [0, 83, 35, 8, 0], [-8, 79, 86, 56, 16, -8], [-6, 61, 41, -6]], [40, 75, 75, 75, 75, 40, 75, 75, 75, 75, 75, 50, 40, 75, 40, 40, 75, 75, 75, 75], [6, 2, 13, 13, 14, 8, 9, 6, 13, 14, 14, 7, 7, 12, 8, 4, 5, 13, 15, 6])
 [489.68, 451.53, 448.68, 409.43]

2:
 ((90, 7, 39, 24, 46, 62, 80, 65, 89, 11, 3, 51, 45, 6, 81, 55, 49, 33, 41, 22, 61, 29, 17, 43, 57, 8, 56, 42, 10, 21, 64, 34, 26, 15, 87, 71, 20, 36, 78, 25, 58, 2, 32, 84, 19, 59, 9, 40, 1, 35, 69, 82, 77, 30, 44, 53, 38, 72, 88, 48, 60, 67, 66, 83, 28, 76, 14, 4, 52, 73, 37, 12, 31, 54, 47, 70, 16, 85, 23, 74, 50, 27, 79, 68, 18, 5, 86, 13, 75, 63), 415.7, [[-9, 90, 7, -9], [-1, 39, 24, 46, -1], [-3, 62, 80, 65, 89, -3], [-9, 11, -9], [-8, 3, 51, 45, 6, -8], [0, 81, 55, 49, 33, 41, 22, 61, 29, 17, 43, 57, 8, 56, 0], [-2, 42, 10, 21, 64, 34, -2], [-1, 26, 15, 87, 71, 20, 36, 78, 25, 58, 2, 32, 84, 19, -1], [0, 59, 9, 0], [-6, 40, 1, 35, -6], [-2, 69, 82, 77, 30, -2], [-7, 44, 53, 38, 72, 88, 48, -7], [-4, 60, -4], [-2, 67, 66, 83, 28, 76, 14, 4, 52, 73, 37, 12, -2], [-1, 31, -1], [-1, 54, 47, 70, -1], [-8, 16, -8], [-2, 85, -2], [-2, 23, 74, 50, -2], [-1, 27, -1], [-8, 79, 68, -8], [-1, 18, 5, 86, 13, 75, 63, -1]], [75, 40, 75, 50, 75, 75, 75, 50, 75, 75, 40, 75, 40, 75, 50, 75, 50, 50, 50, 75, 40, 50], [15, 1, 12, 6, 4, 8, 15, 9, 10, 15, 8, 13, 3, 12, 3, 14, 6, 7, 10, 8, 8, 6])
 [431.47, 415.7]

3:
 ((14, 47, 89, 70, 37, 49, 87, 90, 68, 85, 17, 53, 18, 29, 60, 63, 82, 86, 19, 66, 44, 43, 74, 40, 32, 54, 46, 69, 51, 78, 35, 76, 26, 61, 41, 56, 15, 1, 39, 24, 75, 59, 57, 83, 5, 88, 73, 27, 13, 3, 25, 42, 71, 72, 84, 31, 79, 45, 16, 22, 30, 58, 62, 33, 64, 67, 2, 65, 28, 7, 36, 81, 8, 20, 6, 50, 48, 12, 52, 10, 77, 23, 34, 11, 38, 80, 4, 55, 9, 21), 434.86, [[-8, 14, 47, 89, 70, 37, -8], [-7, 49, 87, 90, 68, 85, 17, 53, -7], [-1, 18, 29, 60, 63, 82, 86, 19, 66, 44, 43, 74, -1], [-6, 40, 32, 54, 46, -6], [-2, 69, 51, 78, 35, 76, 26, 61, 41, 56, 15, -2], [-7, 1, 39, 24, 75, 59, 57, -7], [0, 83, 5, 88, 73, 0], [-1, 27, 13, 3, -1], [-1, 25, 42, 71, 72, 84, 31, -1], [-8, 79, 45, 16, 22, 30, 58, 62, -8], [-7, 33, -7], [-1, 64, -1], [-2, 67, 2, 65, 28, 7, 36, 81, 8, 20, 6, 50, 48, -2], [-5, 12, 52, 10, -5], [-2, 77, 23, 34, -2], [-9, 11, -9], [-2, 38, 80, 4, 55, 9, 21, -2]], [75, 75, 75, 75, 75, 75, 50, 75, 75, 75, 40, 50, 75, 40, 75, 40, 75], [14, 12, 12, 13, 12, 15, 6, 14, 12, 11, 5, 6, 10, 6, 8, 6, 9])
 [465.0, 442.85, 441.64, 438.49, 434.86]

4:
 ((44, 69, 48, 65, 50, 90, 14, 22, 63, 88, 54, 4, 74, 73, 72, 61, 60, 55, 76, 26, 82, 31, 77, 87, 18, 86, 41, 67, 7, 89, 64, 24, 80, 39, 85, 17, 6, 16, 12, 84, 21, 70, 40, 83, 51, 5, 58, 35, 28, 52, 56, 47, 9, 66, 37, 42, 46, 25, 32, 43, 79, 30, 49, 36, 27, 33, 15, 20, 13, 62, 78, 59, 10, 29, 2, 8, 38, 71, 57, 3, 19, 75, 34, 23, 68, 1, 81, 53, 45, 11), 409.85, [[-7, 44, 69, 48, -7], [-1, 65, 50, -1], [-9, 90, 14, 22, 63, 88, 54, 4, 74, 73, 72, 61, 60, 55, 76, 26, 82, -9], [-1, 31, 77, 87, 18, 86, 41, -1], [-2, 67, -2], [-3, 7, -3], [-1, 89, -1], [-1, 64, 24, 80, 39, -1], [-2, 85, 17, 6, 16, 12, -2], [-6, 84, 21, 70, 40, -6], [0, 83, 51, 5, 58, 35, 28, 52, 56, 0], [-2, 47, 9, 66, 37, -2], [-2, 42, 46, 25, 32, 43, -2], [-8, 79, 30, 49, 36, -8], [-1, 27, -1], [-7, 33, 15, 20, -7], [-4, 13, -4], [-3, 62, 78, -3], [0, 59, 10, 29, 2, 8, 38, 71, 57, 3, 19, 75, 0], [-7, 34, 23, 68, 1, 81, 53, 45, 11, -7]], [75, 50, 75, 75, 50, 50, 50, 40, 75, 75, 75, 75, 75, 75, 50, 75, 50, 75, 75, 75], [14, 0, 11, 3, 9, 7, 5, 8, 13, 11, 6, 10, 8, 13, 8, 13, 2, 10, 9, 13])
 [440.08, 409.85]

5:
 ((49, 6, 39, 54, 74, 59, 57, 77, 67, 2, 63, 83, 31, 71, 84, 22, 51, 17, 24, 11, 44, 82, 70, 61, 40, 1, 64, 81, 58, 20, 75, 21, 27, 15, 88, 38, 8, 68, 78, 65, 29, 10, 52, 50, 16, 47, 30, 23, 86, 34, 80, 33, 66, 55, 89, 19, 76, 36, 42, 28, 62, 9, 5, 69, 85, 7, 35, 45, 41, 56, 4, 14, 18, 87, 3, 12, 53, 48, 72, 73, 60, 43, 46, 37, 32, 25, 26, 90, 13, 79), 415.03, [[-7, 49, 6, 39, 54, 74, -7], [0, 59, 57, 77, 67, 2, 63, 0], [0, 83, 31, 71, 0], [-6, 84, 22, 51, 17, 24, 11, 44, -6], [-1, 82, 70, 61, -1], [-6, 40, 1, 64, 81, 58, 20, 75, -6], [-2, 21, -2], [-1, 27, 15, 88, -1], [-2, 38, 8, 68, 78, 65, 29, -2], [-1, 10, 52, 50, 16, -1], [-2, 47, 30, -2], [-2, 23, 86, 34, 80, -2], [-7, 33, 66, 55, 89, 19, 76, 36, 42, 28, -7], [-3, 62, -3], [-3, 9, 5, 69, 85, -3], [-3, 7, 35, 45, -3], [-6, 41, 56, 4, 14, 18, 87, 3, -6], [-5, 12, 53, 48, 72, 73, 60, 43, -5], [0, 46, 37, 32, 25, 26, 90, 0], [-4, 13, 79, -4]], [50, 75, 50, 75, 40, 75, 40, 75, 75, 75, 75, 75, 75, 40, 75, 75, 50, 75, 75, 75], [5, 14, 9, 6, 6, 14, 3, 13, 2, 7, 9, 14, 9, 8, 9, 14, 9, 13, 14, 10])
 [486.38, 469.52, 458.9, 441.61, 435.95, 431.46, 429.16, 415.03]

6:
 ((30, 43, 33, 28, 58, 64, 9, 18, 2, 11, 79, 49, 69, 27, 83, 10, 24, 4, 16, 7, 12, 44, 63, 17, 56, 41, 20, 6, 60, 50, 5, 48, 88, 71, 19, 32, 72, 82, 84, 8, 85, 74, 51, 36, 90, 21, 29, 87, 3, 66, 81, 38, 15, 55, 73, 89, 61, 37, 31, 86, 26, 59, 34, 54, 67, 40, 13, 77, 23, 70, 35, 62, 76, 14, 52, 57, 78, 45, 53, 39, 22, 47, 25, 75, 42, 80, 65, 68, 1, 46), 403.39, [[-5, 30, 43, 33, 28, 58, 64, 9, 18, 2, -5], [-9, 11, -9], [-8, 79, 49, 69, -8], [-1, 27, 83, 10, 24, 4, 16, -1], [-3, 7, -3], [-5, 12, -5], [-7, 44, 63, 17, 56, 41, -7], [-6, 20, 6, 60, 50, 5, 48, 88, 71, 19, 32, 72, -6], [-1, 82, 84, 8, 85, 74, 51, 36, -1], [-9, 90, -9], [-2, 21, 29, 87, 3, 66, 81, 38, 15, 55, 73, -2], [-1, 89, 61, 37, 31, 86, 26, -1], [0, 59, 0], [-7, 34, 54, -7], [-2, 67, 40, -2], [-4, 13, 77, 23, 70, 35, -4], [-3, 62, -3], [0, 76, 14, 52, 57, 78, 45, 53, 39, 22, 47, 25, 75, 0], [-2, 42, -2], [-1, 80, 65, 68, 1, 46, -1]], [75, 40, 75, 75, 40, 40, 75, 75, 75, 40, 75, 75, 40, 75, 75, 75, 40, 75, 40, 75], [13, 6, 11, 14, 7, 4, 11, 11, 14, 8, 3, 14, 7, 12, 15, 10, 8, 3, 6, 3])
 [480.81, 403.39]

7:
 ((30, 74, 72, 43, 38, 51, 25, 6, 89, 77, 78, 33, 12, 34, 36, 28, 52, 26, 44, 87, 70, 68, 79, 13, 3, 8, 2, 4, 19, 37, 82, 67, 31, 23, 56, 76, 65, 7, 20, 84, 61, 71, 50, 18, 45, 11, 39, 27, 54, 59, 58, 90, 83, 47, 14, 62, 15, 10, 80, 9, 21, 41, 5, 69, 55, 22, 40, 16, 64, 73, 32, 75, 86, 66, 81, 48, 53, 1, 63, 24, 49, 85, 60, 35, 88, 57, 29, 42, 17, 46), 419.1, [[-5, 30, 74, 72, 43, 38, 51, 25, 6, 89, 77, 78, 33, 12, -5], [-7, 34, 36, 28, 52, 26, -7], [-7, 44, 87, 70, 68, 79, 13, 3, 8, 2, 4, 19, 37, -7], [-1, 82, -1], [-2, 67, -2], [-1, 31, 23, 56, 76, 65, 7, -1], [-6, 20, -6], [-6, 84, 61, 71, 50, -6], [-1, 18, 45, 11, 39, -1], [-1, 27, -1], [-1, 54, 59, 58, -1], [-9, 90, 83, -9], [-2, 47, 14, -2], [-3, 62, -3], [-2, 15, 10, 80, 9, 21, 41, -2], [-9, 5, 69, 55, 22, 40, 16, -9], [-1, 64, 73, 32, 75, 86, 66, 81, 48, 53, 1, 63, 24, 49, 85, -1], [-4, 60, -4], [0, 35, 0], [-5, 88, 57, 29, 42, 17, -5], [0, 46, 0]], [75, 50, 75, 40, 50, 75, 50, 40, 75, 75, 75, 75, 75, 50, 75, 75, 75, 40, 40, 50, 40], [8, 6, 12, 6, 9, 13, 5, 8, 7, 8, 15, 14, 8, 8, 13, 6, 12, 3, 7, 9, 1])
 [457.94, 453.52, 449.05, 446.34, 432.77, 430.78, 419.1]

8:
 ((89, 22, 60, 5, 78, 86, 39, 8, 56, 71, 9, 45, 27, 53, 10, 12, 46, 7, 19, 59, 3, 2, 75, 32, 25, 81, 74, 65, 69, 23, 55, 42, 30, 88, 20, 63, 48, 70, 49, 11, 31, 80, 54, 37, 83, 82, 51, 35, 36, 26, 13, 61, 66, 87, 38, 79, 76, 57, 67, 52, 18, 73, 1, 15, 44, 68, 33, 28, 34, 64, 77, 24, 72, 50, 84, 16, 40, 41, 17, 85, 62, 58, 21, 47, 6, 43, 90, 14, 4, 29), 415.32, [[-1, 89, 22, 60, 5, 78, 86, 39, 8, 56, 71, 9, 45, 27, 53, 10, 12, 46, -1], [-3, 7, 19, 59, -3], [-8, 3, 2, 75, -8], [0, 32, 25, 81, 74, 65, 69, 23, 55, 0], [-2, 42, 30, 88, -2], [-6, 20, 63, 48, 70, 49, -6], [-9, 11, -9], [-1, 31, 80, -1], [-1, 54, 37, -1], [0, 83, 0], [-1, 82, 51, -1], [0, 35, 36, 26, 0], [-4, 13, 61, 66, 87, 38, -4], [-8, 79, 76, 57, 67, 52, -8], [-1, 18, 73, 1, -1], [-2, 15, -2], [-7, 44, 68, 33, 28, 34, -7], [-1, 64, 77, 24, 72, 50, 84, 16, -1], [-6, 40, 41, 17, -6], [-2, 85, 62, 58, 21, -2], [-2, 47, 6, 43, 90, 14, 4, 29, -2]], [75, 75, 40, 75, 75, 50, 40, 40, 75, 40, 40, 50, 50, 75, 40, 40, 75, 75, 75, 75, 75], [6, 15, 8, 1, 11, 8, 6, 6, 12, 6, 6, 10, 3, 13, 6, 3, 11, 12, 12, 15, 13])
 [487.12, 432.01, 421.81, 415.32]

9:
 ((60, 20, 18, 1, 4, 13, 84, 65, 15, 69, 66, 45, 79, 73, 23, 78, 39, 43, 57, 5, 83, 41, 30, 6, 35, 25, 8, 49, 27, 54, 17, 64, 26, 32, 86, 85, 68, 53, 38, 74, 55, 72, 42, 19, 62, 48, 24, 71, 14, 63, 58, 81, 36, 29, 40, 34, 51, 50, 2, 80, 52, 59, 10, 76, 82, 22, 9, 3, 61, 11, 90, 21, 44, 89, 87, 28, 47, 88, 16, 7, 31, 37, 56, 46, 12, 67, 75, 33, 77, 70), 399.98, [[-4, 60, 20, 18, 1, 4, 13, -4], [-6, 84, 65, 15, 69, 66, -6], [-3, 45, 79, -3], [-2, 73, -2], [-2, 23, 78, 39, 43, 57, -2], [-9, 5, 83, -9], [-6, 41, 30, 6, -6], [0, 35, 25, 0], [0, 8, 49, 27, 0], [-1, 54, 17, 64, -1], [-1, 26, 32, 86, 85, 68, 53, 38, 74, 55, 72, 42, 19, -1], [-3, 62, 48, 24, 71, 14, 63, 58, 81, 36, -3], [-7, 29, 40, 34, 51, 50, 2, 80, 52, -7], [0, 59, 10, 76, 82, 22, 9, 3, 61, 0], [-9, 11, 90, -9], [-2, 21, 44, 89, 87, 28, 47, -2], [-5, 88, -5], [-8, 16, -8], [-3, 7, 31, 37, -3], [-3, 56, 46, 12, -3], [-2, 67, -2], [-3, 75, 33, 77, 70, -3]], [75, 40, 50, 40, 75, 50, 40, 40, 75, 75, 75, 75, 75, 75, 75, 75, 40, 40, 75, 75, 50, 75], [13, 6, 5, 1, 15, 3, 8, 8, 5, 15, 11, 14, 11, 7, 14, 14, 2, 6, 14, 7, 9, 10])
 [486.92, 468.68, 446.8, 446.04, 422.52, 412.81, 399.98]

10:
 ((3, 87, 21, 61, 60, 83, 13, 79, 33, 66, 39, 18, 32, 59, 43, 15, 58, 17, 25, 56, 5, 45, 22, 41, 38, 50, 36, 10, 54, 47, 7, 48, 4, 16, 80, 82, 68, 42, 46, 49, 11, 84, 1, 29, 30, 72, 81, 31, 73, 14, 70, 27, 75, 37, 85, 57, 67, 88, 23, 19, 74, 89, 28, 44, 55, 51, 8, 12, 78, 65, 35, 20, 69, 52, 9, 2, 62, 34, 76, 71, 64, 63, 53, 40, 6, 90, 26, 86, 24, 77), 435.46, [[-8, 3, 87, 21, 61, 60, 83, -8], [-4, 13, -4], [-8, 79, 33, 66, 39, 18, 32, -8], [0, 59, 0], [-9, 43, 15, 58, 17, 25, 56, 5, 45, -9], [-7, 22, 41, 38, 50, 36, 10, 54, -7], [-2, 47, -2], [-3, 7, 48, 4, -3], [-8, 16, -8], [-1, 80, 82, 68, 42, 46, -1], [-7, 49, 11, 84, 1, 29, -7], [-5, 30, 72, 81, 31, 73, 14, 70, -5], [-1, 27, 75, -1], [-7, 37, -7], [-2, 85, 57, -2], [-2, 67, 88, -2], [-2, 23, 19, 74, 89, 28, -2], [-7, 44, -7], [0, 55, 51, 8, 12, 78, 65, 35, 0], [-6, 20, 69, 52, 9, 2, -6], [-3, 62, 34, 76, 71, 64, 63, 53, 40, 6, 90, -3], [-1, 26, 86, 24, 77, -1]], [75, 40, 75, 40, 75, 75, 40, 75, 40, 75, 75, 40, 75, 40, 75, 75, 75, 40, 75, 75, 75, 40], [13, 2, 14, 7, 5, 9, 6, 13, 6, 15, 14, 3, 13, 4, 9, 11, 13, 6, 2, 12, 14, 2])
 [477.25, 460.65, 443.19, 440.67, 435.46]

11:
 ((70, 85, 35, 54, 5, 48, 74, 76, 16, 86, 7, 14, 39, 55, 9, 24, 37, 58, 8, 33, 68, 2, 15, 60, 89, 47, 42, 65, 80, 13, 67, 38, 44, 10, 17, 46, 49, 31, 43, 72, 82, 26, 18, 19, 3, 41, 61, 51, 36, 45, 25, 29, 4, 23, 20, 50, 27, 22, 6, 11, 81, 34, 84, 64, 53, 77, 83, 30, 69, 88, 59, 78, 32, 62, 75, 56, 52, 40, 71, 12, 1, 66, 57, 87, 90, 79, 28, 21, 73, 63), 429.4, [[-5, 70, 85, -5], [0, 35, 54, 0], [-9, 5, 48, 74, 76, 16, 86, 7, -9], [-8, 14, 39, 55, 9, 24, 37, 58, 8, 33, 68, 2, 15, 60, -8], [-1, 89, -1], [-2, 47, 42, 65, 80, 13, -2], [-2, 67, 38, -2], [-7, 44, 10, 17, 46, 49, -7], [-1, 31, 43, 72, 82, 26, 18, -1], [-3, 19, 3, 41, 61, 51, 36, 45, 25, 29, 4, 23, 20, -3], [-1, 50, -1], [-1, 27, 22, -1], [-2, 6, 11, 81, 34, -2], [-6, 84, 64, 53, 77, 83, -6], [-5, 30, 69, 88, -5], [0, 59, 78, 32, 0], [-3, 62, -3], [-3, 75, 56, 52, -3], [-6, 40, 71, 12, 1, 66, 57, 87, 90, -6], [-8, 79, 28, 21, -8], [-2, 73, 63, -2]], [40, 75, 75, 75, 40, 75, 75, 40, 75, 75, 40, 50, 50, 75, 40, 50, 50, 50, 75, 40, 75], [4, 15, 6, 9, 5, 13, 11, 6, 14, 14, 3, 8, 1, 12, 7, 9, 8, 9, 14, 8, 1])
 [474.09, 464.14, 454.49, 442.54, 442.24, 429.4]

12:
 ((56, 41, 73, 69, 43, 70, 26, 45, 21, 71, 64, 28, 38, 8, 60, 74, 72, 29, 20, 90, 85, 81, 89, 80, 87, 78, 82, 49, 30, 6, 40, 37, 79, 55, 46, 83, 76, 15, 3, 24, 52, 66, 42, 10, 75, 53, 84, 54, 61, 12, 16, 63, 5, 62, 22, 18, 9, 27, 44, 86, 59, 19, 39, 7, 17, 88, 1, 58, 36, 33, 23, 48, 25, 2, 13, 31, 14, 67, 50, 68, 11, 34, 32, 47, 65, 57, 4, 51, 77, 35), 417.69, [[-3, 56, 41, 73, 69, 43, 70, 26, 45, 21, 71, -3], [-1, 64, 28, 38, 8, 60, 74, 72, 29, 20, 90, -1], [-2, 85, 81, 89, 80, 87, 78, -2], [-1, 82, 49, 30, 6, -1], [-6, 40, -6], [-7, 37, -7], [-8, 79, -8], [0, 55, 46, 83, 76, 15, 3, 24, 52, 66, 42, 10, 75, 53, 0], [-6, 84, 54, 61, -6], [-5, 12, -5], [-8, 16, 63, 5, -8], [-3, 62, 22, 18, 9, -3], [-1, 27, -1], [-7, 44, 86, 59, 19, 39, -7], [-3, 7, 17, -3], [-5, 88, 1, 58, 36, 33, 23, -5], [-2, 48, 25, 2, -2], [-4, 13, 31, 14, -4], [-2, 67, 50, 68, -2], [-9, 11, -9], [-7, 34, 32, -7], [-2, 47, 65, 57, 4, 51, 77, 35, -2]], [75, 75, 75, 50, 40, 50, 50, 75, 75, 50, 40, 75, 40, 75, 40, 75, 40, 75, 75, 40, 40, 75], [12, 12, 11, 10, 6, 4, 8, 11, 14, 4, 6, 8, 8, 14, 8, 12, 7, 7, 12, 6, 4, 6])
 [457.71, 439.2, 428.96, 423.75, 417.69]

13:
 ((84, 80, 46, 77, 31, 64, 61, 69, 35, 42, 79, 14, 52, 33, 28, 1, 3, 44, 6, 25, 4, 37, 54, 34, 83, 43, 19, 75, 38, 55, 56, 57, 85, 53, 5, 8, 27, 16, 32, 2, 86, 30, 71, 23, 17, 45, 87, 65, 29, 60, 48, 82, 20, 76, 51, 36, 66, 13, 59, 78, 12, 88, 41, 50, 11, 73, 24, 70, 10, 62, 21, 81, 67, 40, 49, 39, 68, 47, 9, 22, 90, 72, 58, 18, 15, 74, 26, 89, 7, 63), 422.42, [[-6, 84, 80, 46, 77, 31, 64, -6], [-6, 61, 69, 35, -6], [-2, 42, -2], [-8, 79, -8], [-8, 14, 52, 33, 28, 1, -8], [-8, 3, 44, 6, 25, 4, 37, 54, -8], [-7, 34, -7], [0, 83, 0], [-9, 43, 19, 75, 38, -9], [0, 55, 56, 57, 85, 53, 5, 0], [0, 8, 0], [-1, 27, -1], [-8, 16, 32, 2, 86, 30, 71, 23, 17, 45, 87, -8], [-1, 65, 29, 60, 48, -1], [-1, 82, -1], [-6, 20, -6], [0, 76, 51, 36, 66, 13, 59, 78, 0], [-5, 12, 88, -5], [-6, 41, 50, -6], [-9, 11, 73, 24, 70, 10, 62, 21, 81, -9], [-2, 67, 40, -2], [-7, 49, 39, 68, 47, 9, 22, 90, 72, 58, 18, 15, 74, 26, -7], [-1, 89, -1], [-3, 7, 63, -3]], [75, 75, 50, 40, 50, 75, 50, 40, 50, 75, 40, 50, 75, 75, 40, 40, 75, 40, 50, 75, 75, 75, 40, 50], [14, 10, 6, 8, 9, 15, 4, 6, 10, 12, 0, 8, 13, 3, 6, 5, 0, 6, 8, 9, 15, 12, 5, 7])
 [457.71, 456.23, 444.99, 424.06, 422.42]

14:
 ((49, 62, 14, 76, 56, 22, 19, 33, 58, 42, 71, 31, 54, 35, 6, 82, 38, 15, 8, 40, 47, 37, 21, 27, 2, 44, 53, 89, 52, 81, 25, 32, 59, 67, 13, 68, 87, 23, 30, 90, 4, 45, 26, 83, 51, 61, 55, 7, 29, 69, 28, 80, 11, 17, 66, 79, 12, 88, 39, 36, 75, 65, 64, 50, 46, 74, 48, 78, 85, 41, 18, 70, 3, 5, 60, 84, 9, 24, 43, 77, 72, 16, 34, 86, 20, 10, 63, 57, 73, 1), 430.58, [[-7, 49, -7], [-3, 62, 14, 76, 56, 22, 19, 33, 58, 42, 71, 31, -3], [-1, 54, 35, 6, -1], [-1, 82, 38, 15, 8, 40, -1], [-2, 47, 37, 21, -2], [-1, 27, 2, 44, 53, -1], [-1, 89, 52, 81, 25, -1], [0, 32, 59, 0], [-2, 67, 13, 68, 87, 23, -2], [-5, 30, 90, 4, 45, 26, 83, 51, 61, -5], [0, 55, 7, 29, 69, 28, 80, 0], [-9, 11, 17, 66, 79, -9], [-5, 12, 88, 39, 36, 75, -5], [-1, 65, 64, -1], [-1, 50, 46, 74, 48, -1], [-8, 78, -8], [-2, 85, -2], [-6, 41, 18, 70, 3, 5, 60, 84, -6], [-3, 9, 24, 43, 77, 72, 16, -3], [-7, 34, 86, -7], [-6, 20, 10, 63, 57, 73, 1, -6]], [40, 75, 75, 75, 75, 75, 40, 50, 75, 75, 75, 75, 75, 40, 50, 40, 50, 75, 40, 40, 75], [1, 10, 15, 13, 13, 13, 7, 5, 14, 13, 8, 12, 13, 2, 9, 2, 7, 14, 3, 4, 5])
 [484.36, 451.85, 443.68, 431.94, 430.58]

15:
 ((43, 18, 22, 41, 75, 46, 54, 33, 2, 88, 6, 53, 68, 17, 63, 90, 48, 71, 55, 34, 37, 45, 35, 30, 28, 79, 16, 21, 29, 8, 76, 72, 73, 81, 42, 7, 32, 11, 65, 64, 25, 20, 31, 86, 82, 70, 47, 52, 62, 89, 5, 57, 9, 3, 39, 74, 4, 60, 84, 23, 67, 56, 77, 15, 44, 12, 51, 69, 58, 1, 59, 24, 27, 26, 49, 13, 80, 83, 14, 36, 87, 10, 61, 66, 85, 50, 78, 19, 40, 38), 417.72, [[-9, 43, 18, 22, 41, 75, 46, -9], [-1, 54, 33, 2, 88, 6, 53, 68, 17, 63, 90, -1], [-2, 48, 71, 55, 34, -2], [-7, 37, 45, 35, 30, 28, -7], [-8, 79, 16, -8], [-2, 21, 29, 8, -2], [0, 76, 72, 73, 81, 42, 7, 32, 0], [-9, 11, -9], [-1, 65, 64, 25, 20, -1], [-1, 31, 86, 82, 70, 47, 52, -1], [-3, 62, -3], [-1, 89, 5, 57, 9, 3, 39, 74, 4, 60, -1], [-6, 84, -6], [-2, 23, -2], [-2, 67, 56, 77, 15, -2], [-7, 44, 12, 51, 69, 58, 1, 59, 24, -7], [-1, 27, 26, 49, 13, -1], [-1, 80, 83, 14, 36, 87, 10, 61, 66, 85, 50, 78, -1], [-3, 19, 40, -3], [-2, 38, -2]], [75, 75, 75, 75, 75, 40, 75, 40, 75, 75, 50, 75, 40, 40, 75, 75, 75, 75, 40, 75], [10, 14, 10, 11, 14, 3, 0, 6, 8, 13, 8, 12, 5, 8, 11, 11, 13, 14, 7, 2])
 [463.98, 463.22, 458.62, 427.56, 417.72]

16:
 ((45, 15, 54, 23, 79, 1, 70, 29, 32, 82, 11, 38, 4, 69, 28, 6, 22, 36, 53, 49, 27, 43, 39, 48, 67, 33, 14, 13, 62, 84, 50, 47, 57, 65, 2, 75, 74, 83, 90, 5, 66, 24, 12, 61, 68, 34, 3, 64, 85, 80, 88, 55, 16, 78, 35, 30, 51, 9, 77, 25, 18, 63, 31, 73, 10, 87, 44, 60, 46, 40, 86, 72, 59, 37, 21, 41, 89, 56, 58, 19, 8, 71, 81, 20, 42, 7, 17, 26, 76, 52), 423.02, [[-3, 45, 15, -3], [-1, 54, -1], [-2, 23, -2], [-8, 79, -8], [-7, 1, 70, 29, 32, 82, 11, -7], [-2, 38, 4, 69, 28, 6, 22, 36, 53, 49, 27, 43, 39, -2], [-2, 48, 67, -2], [-7, 33, 14, 13, -7], [-3, 62, -3], [-6, 84, 50, 47, -6], [-8, 57, 65, 2, 75, 74, -8], [0, 83, 90, 0], [-9, 5, 66, -9], [-4, 24, 12, 61, 68, 34, 3, -4], [-1, 64, -1], [-2, 85, -2], [-1, 80, 88, 55, -1], [-8, 16, 78, -8], [0, 35, 30, 51, 9, 77, 25, 18, 63, 31, 73, 10, 87, 44, 60, 46, 0], [-6, 40, 86, 72, 59, 37, -6], [-2, 21, 41, 89, -2], [-3, 56, 58, 19, -3], [0, 8, 71, 81, 20, 42, 0], [-3, 7, 17, 26, 76, 52, -3]], [40, 75, 75, 40, 75, 75, 75, 75, 40, 75, 40, 75, 40, 75, 50, 40, 50, 50, 75, 75, 75, 40, 75, 75], [0, 8, 8, 8, 7, 2, 15, 9, 8, 14, 2, 14, 0, 10, 6, 7, 6, 8, 12, 14, 13, 2, 2, 10])
 [444.65, 440.04, 436.57, 423.02]

17:
 ((75, 34, 16, 21, 40, 72, 61, 51, 78, 87, 80, 88, 10, 89, 18, 46, 13, 47, 86, 69, 9, 20, 70, 26, 42, 37, 33, 65, 2, 85, 43, 6, 52, 57, 25, 54, 7, 32, 29, 38, 35, 59, 79, 66, 74, 1, 77, 22, 19, 12, 15, 36, 63, 56, 41, 49, 84, 81, 67, 31, 48, 64, 17, 27, 11, 73, 39, 50, 44, 3, 58, 68, 8, 24, 53, 71, 23, 4, 62, 82, 45, 55, 76, 83, 28, 60, 30, 90, 5, 14), 422.48, [[-3, 75, -3], [-7, 34, -7], [-8, 16, 21, -8], [-6, 40, 72, 61, 51, 78, 87, 80, 88, 10, 89, 18, -6], [0, 46, 13, 47, 86, 69, 9, 0], [-6, 20, 70, 26, 42, 37, -6], [-7, 33, 65, 2, -7], [-2, 85, 43, 6, 52, 57, 25, -2], [-1, 54, 7, -1], [0, 32, 29, 38, 35, 0], [0, 59, 0], [-8, 79, 66, 74, 1, 77, 22, 19, 12, 15, 36, 63, 56, 41, 49, -8], [-6, 84, 81, -6], [-2, 67, -2], [-1, 31, 48, -1], [-1, 64, 17, -1], [-1, 27, 11, -1], [-2, 73, 39, 50, 44, -2], [-8, 3, 58, 68, -8], [0, 8, 24, 53, 0], [-3, 71, 23, 4, -3], [-3, 62, -3], [-1, 82, 45, -1], [0, 55, 76, 83, 28, 60, 30, 0], [-9, 90, 5, 14, -9]], [40, 40, 50, 50, 75, 75, 40, 75, 75, 75, 50, 75, 40, 50, 75, 50, 75, 75, 40, 40, 40, 50, 40, 75, 50], [5, 4, 9, 8, 13, 14, 5, 9, 15, 5, 7, 10, 5, 9, 9, 7, 14, 11, 4, 0, 7, 8, 6, 2, 8])
 [451.07, 428.16, 425.13, 422.48]

18:
 ((17, 76, 57, 32, 10, 6, 22, 34, 86, 90, 68, 47, 45, 14, 69, 15, 71, 12, 53, 13, 40, 38, 28, 4, 75, 83, 46, 55, 36, 59, 66, 35, 58, 20, 44, 5, 54, 72, 48, 77, 56, 73, 52, 9, 37, 63, 29, 8, 3, 7, 82, 2, 18, 88, 11, 81, 24, 49, 50, 42, 61, 85, 16, 21, 19, 31, 39, 30, 41, 27, 67, 62, 25, 74, 1, 84, 65, 64, 78, 70, 26, 89, 33, 43, 80, 60, 87, 79, 51, 23), 398.5, [[-6, 17, -6], [0, 76, 57, 32, 10, 0], [-2, 6, -2], [-7, 22, 34, 86, -7], [-9, 90, 68, 47, 45, 14, 69, -9], [-2, 15, 71, 12, 53, 13, -2], [-6, 40, 38, 28, 4, 75, -6], [0, 83, 46, 55, 0], [-8, 36, 59, 66, 35, 58, 20, -8], [-7, 44, 5, 54, 72, -7], [-2, 48, 77, 56, 73, -2], [-3, 52, 9, 37, 63, 29, 8, 3, 7, -3], [-1, 82, 2, 18, -1], [-5, 88, -5], [-9, 11, 81, 24, 49, 50, 42, 61, -9], [-2, 85, -2], [-8, 16, -8], [-2, 21, 19, 31, 39, 30, -2], [-6, 41, -6], [-1, 27, -1], [-2, 67, -2], [-3, 62, 25, 74, 1, -3], [-6, 84, 65, 64, 78, 70, 26, 89, -6], [-7, 33, 43, 80, -7], [-4, 60, 87, 79, 51, -4], [-2, 23, -2]], [40, 75, 40, 50, 75, 40, 50, 50, 75, 75, 40, 75, 40, 40, 75, 40, 40, 75, 40, 75, 75, 50, 75, 50, 50, 75], [1, 0, 0, 0, 14, 7, 8, 8, 12, 11, 6, 11, 8, 2, 11, 7, 6, 11, 5, 8, 9, 10, 13, 10, 7, 8])
 [443.68, 435.61, 423.84, 423.28, 414.24, 398.5]

19:
 ((74, 31, 10, 84, 14, 35, 56, 76, 81, 59, 77, 27, 69, 63, 9, 3, 18, 13, 5, 58, 28, 15, 73, 71, 90, 20, 4, 54, 11, 21, 44, 19, 85, 67, 88, 86, 12, 53, 51, 48, 79, 2, 17, 26, 72, 38, 61, 70, 36, 49, 82, 66, 68, 65, 32, 43, 1, 8, 87, 75, 39, 37, 83, 89, 60, 25, 34, 80, 57, 64, 6, 16, 22, 41, 30, 7, 46, 24, 62, 40, 52, 55, 29, 45, 23, 33, 42, 47, 50, 78), 418.9, [[-8, 74, 31, 10, 84, 14, -8], [0, 35, 0], [-3, 56, 76, 81, 59, 77, 27, 69, 63, 9, -3], [-8, 3, 18, 13, 5, 58, 28, 15, 73, 71, 90, -8], [-6, 20, 4, -6], [-1, 54, 11, -1], [-2, 21, 44, 19, -2], [-2, 85, -2], [-2, 67, -2], [-5, 88, 86, 12, 53, 51, 48, 79, 2, 17, -5], [-1, 26, 72, 38, 61, 70, 36, 49, 82, 66, 68, 65, 32, 43, 1, 8, -1], [-7, 87, 75, 39, 37, -7], [0, 83, 0], [-1, 89, -1], [-4, 60, 25, 34, -4], [-1, 80, 57, 64, 6, 16, 22, 41, 30, -1], [-3, 7, 46, 24, 62, -3], [-6, 40, 52, 55, 29, 45, 23, -6], [-7, 33, -7], [-2, 42, 47, 50, -2], [-8, 78, -8]], [40, 40, 75, 75, 50, 75, 75, 75, 50, 75, 75, 75, 50, 40, 40, 75, 75, 75, 40, 75, 75], [5, 7, 3, 9, 5, 14, 10, 7, 9, 14, 8, 6, 6, 5, 8, 14, 14, 12, 5, 15, 2])
 [465.84, 433.97, 428.61, 420.99, 418.9]

20:
 ((35, 77, 49, 51, 13, 46, 87, 57, 71, 25, 38, 28, 63, 44, 84, 65, 43, 6, 55, 20, 30, 89, 67, 74, 81, 4, 58, 31, 61, 22, 86, 80, 90, 62, 26, 41, 21, 29, 88, 68, 18, 16, 15, 69, 70, 42, 17, 54, 72, 45, 37, 66, 1, 10, 73, 59, 47, 50, 24, 11, 79, 36, 53, 40, 75, 14, 76, 34, 19, 60, 23, 3, 56, 33, 48, 78, 7, 64, 83, 52, 39, 85, 12, 8, 2, 27, 82, 9, 5, 32), 414.74, [[0, 35, 77, 49, 51, 13, 46, 0], [-7, 87, 57, 71, 25, 38, 28, 63, 44, -7], [-6, 84, 65, 43, 6, 55, 20, 30, -6], [-1, 89, -1], [-2, 67, 74, 81, 4, 58, 31, 61, -2], [-7, 22, 86, 80, 90, -7], [-3, 62, -3], [-1, 26, 41, 21, 29, 88, 68, 18, -1], [-8, 16, 15, 69, 70, 42, 17, -8], [-1, 54, 72, 45, 37, 66, 1, 10, 73, 59, -1], [-2, 47, 50, 24, 11, -2], [-8, 79, -8], [-8, 36, 53, 40, 75, 14, 76, 34, 19, 60, -8], [-2, 23, -2], [-8, 3, 56, -8], [-7, 33, -7], [-2, 48, 78, 7, -2], [-1, 64, 83, 52, -1], [-1, 39, 85, -1], [-5, 12, 8, 2, 27, -5], [-1, 82, 9, 5, 32, -1]], [40, 40, 75, 40, 75, 75, 40, 75, 75, 75, 75, 40, 75, 40, 40, 50, 75, 75, 50, 50, 75], [7, 0, 7, 5, 9, 4, 8, 12, 15, 10, 13, 8, 13, 8, 6, 5, 15, 14, 8, 7, 9])
 [429.56, 416.88, 414.74]

