1:
 ([7, 4, 2, 6, 8, 1, 5, 3], 32.16, [[-1, 7, 4, 2, 6, 8, 1, 5, -1], [0, 3, 0]], [75, 50], [11, 0])
 [34.96, 34.5, 32.16]

2:
 ((2, 3, 4, 7, 5, 1, 8, 6), 30.57, [[0, 2, 3, 4, 7, 5, 1, 8, 0], [-1, 6, -1]], [50, 40], [7, 0])
 [36.12, 35.77, 34.69, 33.89, 30.57]

3:
 ((2, 3, 1, 4, 7, 5, 6, 8), 31.75, [[0, 2, 3, 1, 4, 7, 5, 6, 8, 0]], [75], [6])
 [39.25, 31.75]

4:
 ((6, 8, 2, 3, 1, 5, 4, 7), 30.34, [[-1, 6, 8, 2, 3, 1, 5, 4, 7, -1]], [75], [4])
 [38.15, 31.68, 31.42, 30.34]

5:
 ((1, 3, 5, 7, 8, 4, 2, 6), 31.02, [[-1, 1, 3, 5, 7, 8, 4, 2, 6, -1]], [75], [0])
 [49.46, 38.59, 32.6, 31.02]

6:
 ((5, 7, 4, 8, 6, 2, 3, 1), 27.44, [[-1, 5, 7, 4, 8, 6, 2, 3, 1, -1]], [75], [6])
 [33.42, 28.74, 27.44]

7:
 ((1, 6, 8, 4, 2, 3, 5, 7), 30.3, [[-1, 1, 6, 8, 4, 2, 3, 5, 7, -1]], [75], [2])
 [30.3]

8:
 ((5, 4, 7, 3, 2, 8, 6, 1), 33.13, [[-1, 5, 4, 7, 3, 2, 8, 6, 1, -1]], [75], [5])
 [37.79, 33.59, 33.13]

9:
 ((6, 8, 2, 3, 7, 4, 1, 5), 32.42, [[-1, 6, 8, 2, 3, 7, 4, 1, 5, -1]], [50], [5])
 [43.41, 39.92, 35.08, 34.59, 32.42]

10:
 ([6, 8, 1, 5, 3, 7, 4, 2], 30.04, [[-1, 6, 8, 1, 5, -1], [0, 3, 7, 4, 2, 0]], [75, 75], [0, 7])
 [35.44, 30.04]

11:
 ((1, 5, 3, 2, 6, 8, 4, 7), 31.36, [[-1, 1, 5, -1], [0, 3, 2, 6, 8, 4, 7, 0]], [50, 75], [0, 5])
 [34.22, 34.16, 32.66, 31.62, 31.36]

12:
 ((7, 4, 2, 3, 1, 8, 6, 5), 28.47, [[-1, 7, 4, 2, 3, 1, 8, 6, -1], [-1, 5, -1]], [75, 50], [11, 0])
 [39.2, 37.05, 33.78, 30.98, 28.47]

13:
 ((5, 3, 7, 6, 2, 4, 8, 1), 32.46, [[-1, 5, 3, 7, -1], [-1, 6, 2, 4, 8, 1, -1]], [40, 75], [0, 8])
 [40.22, 32.46]

14:
 ((2, 4, 8, 1, 5, 3, 7, 6), 31.23, [[0, 2, 4, 8, 1, 5, 3, 7, 0], [-1, 6, -1]], [75, 40], [11, 0])
 [38.59, 35.44, 31.23]

15:
 ((6, 8, 4, 2, 3, 1, 5, 7), 26.94, [[-1, 6, 8, 4, 2, 3, 1, 5, 7, -1]], [75], [8])
 [41.83, 29.71, 26.94]

16:
 ((6, 8, 4, 7, 2, 1, 3, 5), 30.98, [[-1, 6, 8, 4, 7, 2, 1, 3, 5, -1]], [75], [9])
 [38.84, 33.36, 30.98]

17:
 ((5, 3, 1, 2, 7, 4, 8, 6), 30.98, [[-1, 5, 3, 1, 2, 7, 4, 8, 6, -1]], [75], [0])
 [34.64, 34.33, 30.98]

18:
 ((8, 6, 2, 3, 1, 5, 4, 7), 29.71, [[0, 8, 6, 2, 3, 1, 5, 4, 7, 0]], [75], [4])
 [37.89, 35.72, 33.32, 29.71]

19:
 ((5, 7, 4, 2, 3, 1, 8, 6), 26.59, [[-1, 5, 7, 4, 2, 3, 1, 8, 6, -1]], [75], [8])
 [37.62, 32.22, 26.59]

20:
 ((7, 5, 4, 2, 3, 1, 8, 6), 29.16, [[-1, 7, 5, 4, 2, 3, 1, 8, 6, -1]], [75], [8])
 [33.7, 32.63, 29.16]

