1:
 ((45, 33, 17, 32, 40, 3, 18, 14, 36, 13, 44, 26, 20, 11, 16, 42, 4, 23, 35, 34, 25, 41, 38, 31, 39, 5, 2, 9, 27, 28, 37, 12, 8, 24, 10, 19, 1, 22, 6, 43, 29, 21, 7, 15, 30), 215.42, [[-1, 45, 33, 17, 32, 40, -1], [-3, 3, 18, 14, 36, -3], [-2, 13, 44, 26, 20, 11, 16, 42, 4, 23, 35, 34, -2], [0, 25, 41, 38, 31, 0], [-4, 39, 5, -4], [-3, 2, 9, -3], [-4, 27, 28, 37, 12, 8, 24, 10, 19, 1, 22, 6, 43, 29, 21, 7, -4], [-1, 15, 30, -1]], [75, 75, 75, 50, 50, 50, 75, 50], [11, 13, 4, 8, 6, 10, 12, 3])
 [221.95, 215.66, 215.42]

2:
 ((22, 1, 33, 16, 17, 14, 27, 5, 32, 2, 41, 36, 11, 10, 13, 12, 9, 4, 31, 43, 30, 3, 34, 23, 28, 44, 20, 6, 19, 38, 21, 35, 15, 25, 45, 39, 40, 26, 8, 24, 7, 42, 29, 37, 18), 203.09, [[-3, 22, 1, 33, 16, 17, 14, -3], [-4, 27, 5, 32, -4], [-3, 2, 41, 36, 11, 10, 13, 12, 9, 4, 31, 43, 30, -3], [-3, 3, 34, 23, 28, 44, 20, 6, 19, 38, -3], [-4, 21, 35, 15, 25, 45, 39, -4], [0, 40, 26, 8, 24, 7, 42, 29, 37, 18, 0]], [75, 75, 75, 75, 75, 75], [6, 13, 8, 14, 14, 10])
 [249.05, 235.4, 221.43, 207.97, 206.38, 203.09]

3:
 ((44, 22, 7, 43, 6, 3, 8, 34, 25, 36, 15, 41, 10, 11, 12, 23, 42, 14, 37, 27, 40, 20, 1, 29, 16, 38, 5, 45, 9, 35, 17, 33, 13, 26, 21, 18, 31, 32, 2, 30, 28, 4, 39, 19, 24), 202.15, [[-2, 44, -2], [-3, 22, 7, 43, 6, 3, -3], [-4, 8, -4], [0, 34, 25, 36, 15, 41, 10, 11, 12, 23, 42, 14, 37, 0], [-4, 27, 40, 20, 1, 29, 16, 38, 5, -4], [-1, 45, 9, 35, 17, 33, -1], [-2, 13, 26, 21, -2], [0, 18, 31, 32, 0], [-3, 2, 30, 28, 4, 39, 19, -3], [-2, 24, -2]], [40, 75, 40, 75, 75, 75, 50, 75, 75, 40], [0, 5, 3, 9, 6, 14, 6, 14, 13, 1])
 [214.33, 210.05, 202.15]

4:
 ((40, 17, 33, 27, 18, 34, 29, 10, 7, 6, 9, 5, 31, 20, 23, 13, 45, 26, 14, 11, 28, 24, 43, 30, 12, 8, 32, 38, 15, 41, 2, 36, 44, 22, 42, 1, 16, 21, 25, 4, 35, 37, 19, 3, 39), 218.99, [[0, 40, 17, 33, 0], [-4, 27, -4], [0, 18, 34, 29, 10, 7, 6, 0], [-1, 9, 5, -1], [0, 31, 20, 23, 13, 45, 26, 14, 0], [-1, 11, 28, 24, 43, -1], [-3, 30, 12, 8, 32, 38, 15, 41, 2, 36, 44, 22, -3], [-3, 42, 1, 16, 21, 25, 4, 35, 37, 19, 3, -3], [-4, 39, -4]], [40, 40, 75, 75, 75, 75, 75, 75, 50], [4, 5, 10, 10, 9, 12, 10, 13, 2])
 [242.88, 228.2, 226.09, 224.41, 218.99]

5:
 ((27, 42, 4, 38, 20, 19, 28, 40, 44, 23, 17, 33, 8, 32, 31, 26, 37, 30, 21, 18, 13, 10, 41, 29, 39, 11, 15, 24, 6, 45, 3, 34, 25, 1, 16, 14, 22, 35, 9, 12, 43, 2, 5, 36, 7), 205.85, [[-4, 27, 42, 4, 38, 20, 19, 28, 40, 44, 23, 17, 33, 8, -4], [-3, 32, 31, 26, 37, 30, -3], [-4, 21, 18, 13, 10, 41, 29, 39, 11, 15, 24, -4], [-2, 6, -2], [-1, 45, 3, 34, -1], [0, 25, 1, 16, 14, 22, 35, 9, 12, 43, 0], [-3, 2, 5, -3], [-4, 36, 7, -4]], [75, 75, 75, 40, 75, 75, 40, 40], [8, 13, 8, 6, 12, 14, 8, 0])
 [226.94, 225.17, 221.12, 211.37, 205.85]

6:
 ((26, 43, 45, 29, 33, 28, 38, 5, 14, 13, 9, 44, 34, 24, 4, 7, 31, 6, 17, 37, 30, 22, 8, 19, 20, 35, 41, 25, 15, 12, 2, 18, 10, 40, 16, 39, 32, 21, 23, 36, 11, 1, 42, 3, 27), 213.4, [[-4, 26, 43, 45, 29, 33, 28, 38, -4], [-1, 5, -1], [-3, 14, 13, 9, 44, -3], [0, 34, 24, 4, 7, 0], [0, 31, 6, 17, 37, 30, 22, 8, 19, 20, 35, 41, 25, 15, 12, 2, 0], [0, 18, 10, 40, 16, 0], [-4, 39, 32, 21, 23, 36, 11, 1, 42, 3, -4], [-4, 27, -4]], [75, 50, 75, 40, 75, 50, 75, 75], [14, 4, 13, 7, 12, 6, 11, 5])
 [245.23, 228.12, 213.4]

7:
 ((14, 13, 30, 5, 12, 9, 37, 27, 11, 21, 32, 33, 39, 16, 22, 25, 3, 18, 6, 31, 28, 40, 43, 44, 24, 15, 23, 42, 34, 41, 36, 17, 1, 7, 4, 29, 45, 2, 35, 10, 19, 8, 38, 20, 26), 191.99, [[-3, 14, 13, 30, -3], [-1, 5, 12, 9, 37, 27, 11, -1], [-4, 21, 32, 33, 39, -4], [-3, 16, 22, 25, 3, 18, -3], [-2, 6, -2], [0, 31, 0], [-1, 28, 40, 43, 44, 24, 15, 23, 42, -1], [0, 34, 41, 36, 17, 1, 7, 0], [-1, 4, 29, 45, 2, 35, 10, 19, 8, 38, 20, 26, -1]], [75, 75, 75, 75, 40, 40, 75, 40, 75], [9, 14, 13, 9, 6, 6, 9, 6, 3])
 [218.59, 191.99]

8:
 ((26, 7, 4, 44, 14, 18, 6, 21, 41, 3, 43, 11, 9, 10, 38, 15, 27, 22, 24, 32, 28, 39, 29, 40, 2, 45, 34, 42, 37, 13, 30, 31, 12, 25, 36, 16, 20, 1, 17, 19, 8, 23, 35, 33, 5), 203.18, [[-4, 26, 7, 4, 44, 14, 18, -4], [-2, 6, 21, 41, 3, 43, 11, -2], [-1, 9, 10, 38, 15, 27, 22, 24, 32, -1], [-1, 28, 39, 29, 40, 2, 45, -1], [0, 34, 0], [-3, 42, 37, 13, 30, 31, 12, 25, 36, -3], [-3, 16, 20, 1, 17, 19, 8, 23, 35, 33, -3], [-1, 5, -1]], [75, 75, 75, 75, 40, 75, 50, 40], [5, 14, 9, 13, 6, 10, 5, 4])
 [251.01, 235.11, 226.83, 219.54, 203.18]

9:
 ((44, 1, 24, 13, 7, 43, 33, 36, 34, 40, 4, 38, 8, 31, 30, 35, 18, 16, 26, 39, 32, 22, 27, 41, 17, 14, 6, 23, 11, 29, 42, 19, 28, 20, 2, 21, 37, 45, 15, 12, 25, 5, 9, 10, 3), 211.89, [[-2, 44, 1, 24, 13, 7, 43, 33, 36, -2], [0, 34, 40, 4, 38, 8, 31, 0], [-3, 30, 35, 18, 16, -3], [-4, 26, 39, -4], [-3, 32, 22, 27, 41, 17, 14, 6, 23, 11, 29, -3], [-3, 42, 19, 28, 20, 2, 21, 37, -3], [-1, 45, 15, 12, 25, 5, 9, -1], [-3, 10, 3, -3]], [75, 75, 75, 40, 75, 75, 75, 50], [3, 12, 13, 4, 12, 13, 14, 0])
 [230.66, 216.37, 211.89]

10:
 ((27, 43, 34, 25, 7, 36, 13, 37, 9, 42, 2, 5, 38, 19, 40, 6, 28, 44, 20, 15, 17, 41, 1, 12, 10, 24, 35, 21, 33, 26, 23, 3, 29, 30, 32, 45, 18, 14, 11, 8, 16, 22, 31, 39, 4), 216.59, [[-4, 27, 43, -4], [0, 34, 25, 7, 36, 13, 37, 0], [-1, 9, -1], [-3, 42, 2, -3], [-1, 5, 38, 19, 40, -1], [-2, 6, 28, 44, 20, 15, 17, 41, 1, -2], [0, 12, 0], [-3, 10, 24, 35, 21, 33, 26, 23, 3, 29, 30, -3], [-3, 32, 45, 18, -3], [-3, 14, -3], [-1, 11, 8, 16, 22, 31, 39, 4, -1]], [40, 75, 40, 40, 75, 75, 40, 75, 75, 40, 75], [6, 10, 6, 6, 9, 13, 0, 8, 11, 6, 13])
 [242.56, 226.22, 221.76, 221.65, 219.03, 216.59]

11:
 ((40, 34, 29, 5, 37, 41, 7, 43, 27, 39, 32, 6, 25, 36, 3, 26, 22, 17, 1, 24, 13, 23, 15, 21, 31, 42, 44, 35, 45, 18, 12, 9, 11, 28, 33, 38, 19, 4, 14, 8, 10, 30, 2, 20, 16), 204.49, [[0, 40, 34, 29, 5, 37, 41, 7, 43, 27, 0], [-4, 39, 32, 6, -4], [0, 25, 36, 3, 26, 22, 17, 1, 24, 13, 23, 15, 21, 31, 0], [-3, 42, 44, 35, 45, 18, 12, 9, -3], [-1, 11, 28, 33, -1], [-3, 38, 19, 4, 14, -3], [-4, 8, 10, 30, 2, 20, 16, -4]], [75, 75, 75, 75, 75, 40, 75], [11, 12, 7, 11, 14, 5, 5])
 [234.66, 221.29, 204.49]

12:
 ((13, 23, 30, 12, 3, 44, 22, 26, 42, 20, 40, 5, 18, 8, 25, 41, 16, 36, 1, 10, 24, 43, 28, 17, 11, 15, 9, 38, 27, 37, 39, 21, 32, 35, 19, 31, 6, 4, 34, 33, 29, 45, 2, 14, 7), 211.16, [[-2, 13, 23, 30, 12, 3, 44, -2], [-3, 22, 26, 42, -3], [-2, 20, 40, 5, 18, 8, -2], [0, 25, 41, 16, 36, 1, 10, 24, 43, 28, 17, 11, 15, 0], [-1, 9, 38, 27, 37, 39, -1], [-4, 21, 32, 35, 19, -4], [0, 31, 6, 4, 34, 0], [-3, 33, 29, 45, 2, 14, -3], [0, 7, 0]], [40, 40, 75, 75, 75, 75, 75, 75, 75], [1, 0, 6, 11, 13, 12, 13, 13, 1])
 [245.11, 232.17, 211.16]

13:
 ((3, 35, 27, 31, 33, 1, 32, 13, 36, 43, 34, 17, 39, 23, 16, 26, 28, 7, 4, 44, 9, 12, 21, 10, 38, 6, 30, 29, 5, 25, 42, 45, 18, 19, 2, 41, 37, 15, 24, 11, 20, 40, 22, 14, 8), 210.47, [[-3, 3, 35, -3], [-4, 27, -4], [0, 31, 33, 1, 32, 13, 0], [-4, 36, 43, 34, 17, 39, 23, 16, 26, -4], [-1, 28, 7, 4, 44, 9, 12, 21, 10, 38, 6, 30, 29, 5, -1], [0, 25, 42, 45, 18, 0], [-3, 19, 2, 41, 37, 15, 24, 11, 20, 40, 22, 14, 8, -3]], [40, 40, 75, 75, 75, 75, 75], [5, 5, 13, 11, 11, 12, 9])
 [247.94, 210.47]

14:
 ((4, 37, 17, 27, 16, 29, 36, 44, 18, 6, 20, 15, 25, 34, 22, 43, 31, 32, 11, 9, 45, 35, 42, 10, 39, 14, 7, 1, 33, 28, 24, 40, 19, 8, 23, 5, 13, 30, 26, 3, 38, 41, 2, 21, 12), 209.68, [[-1, 4, 37, 17, 27, 16, 29, 36, 44, 18, 6, 20, 15, 25, -1], [0, 34, 22, 43, 31, 32, 11, 0], [-1, 9, 45, 35, 42, -1], [-3, 10, 39, 14, 7, 1, 33, -3], [-1, 28, 24, 40, 19, -1], [-4, 8, 23, 5, 13, 30, 26, 3, -4], [-3, 38, 41, 2, 21, 12, -3]], [75, 75, 75, 75, 75, 75, 50], [5, 14, 13, 7, 12, 12, 6])
 [243.94, 220.31, 218.43, 211.07, 209.68]

15:
 ((15, 5, 17, 20, 13, 44, 43, 22, 45, 2, 27, 35, 42, 24, 6, 33, 18, 10, 11, 23, 8, 28, 26, 29, 1, 19, 7, 25, 9, 37, 39, 31, 30, 16, 12, 40, 4, 34, 38, 3, 14, 36, 41, 32, 21), 218.48, [[-1, 15, 5, 17, 20, 13, 44, 43, -1], [-3, 22, 45, 2, 27, 35, -3], [-3, 42, 24, 6, 33, -3], [0, 18, 10, 11, 23, 8, 0], [-1, 28, 26, 29, 1, 19, 7, 25, -1], [-1, 9, 37, 39, -1], [0, 31, 0], [-3, 30, 16, 12, 40, 4, 34, 38, 3, -3], [-3, 14, 36, 41, 32, 21, -3]], [75, 75, 75, 40, 75, 40, 40, 75, 75], [5, 8, 13, 4, 10, 7, 6, 10, 10])
 [226.6, 224.5, 223.09, 218.48]

16:
 ((44, 39, 18, 31, 4, 26, 16, 7, 28, 21, 37, 33, 8, 22, 43, 11, 1, 17, 25, 32, 20, 35, 19, 5, 10, 13, 6, 3, 42, 38, 23, 2, 24, 45, 12, 27, 15, 41, 29, 30, 36, 9, 34, 40, 14), 190.61, [[-2, 44, 39, 18, 31, 4, 26, 16, -2], [0, 7, 28, 0], [-4, 21, 37, 33, 8, 22, 43, 11, 1, 17, 25, 32, 20, 35, 19, 5, -4], [-3, 10, 13, 6, 3, -3], [-3, 42, 38, 23, 2, 24, 45, 12, 27, 15, 41, 29, 30, -3], [-4, 36, 9, -4], [0, 34, 40, 14, 0]], [75, 50, 75, 75, 75, 50, 75], [11, 8, 14, 6, 11, 5, 13])
 [244.06, 225.63, 222.2, 222.02, 222.01, 214.52, 190.61]

17:
 ((45, 36, 7, 44, 28, 26, 35, 10, 29, 16, 27, 40, 24, 11, 34, 8, 43, 31, 15, 23, 32, 37, 41, 4, 9, 12, 18, 17, 25, 1, 6, 42, 2, 30, 13, 22, 14, 20, 3, 38, 33, 19, 39, 21, 5), 197.0, [[-1, 45, 36, 7, 44, 28, 26, 35, 10, 29, 16, -1], [-4, 27, 40, 24, 11, -4], [0, 34, 0], [-4, 8, 43, -4], [0, 31, 15, 23, 32, 37, 41, 4, 9, 12, 18, 17, 25, 1, 6, 0], [-3, 42, 2, 30, 13, 22, 14, 20, 3, 38, -3], [-3, 33, 19, 39, 21, -3], [-1, 5, -1]], [75, 75, 40, 40, 75, 75, 75, 40], [11, 10, 6, 4, 13, 9, 12, 4])
 [270.35, 231.49, 218.42, 214.4, 197.0]

18:
 ((30, 17, 1, 20, 16, 19, 38, 2, 36, 37, 28, 23, 39, 4, 13, 25, 9, 41, 6, 15, 33, 43, 12, 29, 26, 14, 45, 11, 22, 8, 42, 35, 7, 5, 21, 44, 34, 32, 24, 3, 10, 27, 18, 31, 40), 200.55, [[-3, 30, 17, 1, 20, 16, 19, 38, 2, -3], [-4, 36, 37, 28, 23, 39, 4, 13, 25, -4], [-1, 9, 41, 6, 15, -1], [-3, 33, 43, 12, 29, 26, 14, 45, 11, 22, 8, -3], [-3, 42, 35, 7, 5, 21, 44, -3], [0, 34, 0], [-3, 32, 24, 3, 10, 27, 18, -3], [0, 31, 40, 0]], [75, 50, 75, 75, 75, 40, 75, 75], [6, 5, 11, 12, 12, 6, 13, 7])
 [238.61, 200.55]

19:
 ((26, 15, 40, 36, 33, 7, 13, 30, 18, 27, 2, 14, 41, 1, 35, 31, 4, 34, 37, 44, 24, 38, 20, 8, 23, 42, 29, 6, 17, 32, 9, 45, 12, 16, 22, 11, 3, 43, 21, 19, 5, 28, 10, 25, 39), 201.55, [[-4, 26, 15, 40, 36, 33, 7, 13, -4], [-3, 30, 18, 27, -3], [-3, 2, -3], [-3, 14, 41, 1, 35, -3], [0, 31, 4, 34, 37, 44, 24, 38, 20, 8, 23, 42, 29, 6, 17, 32, 0], [-1, 9, 45, 12, 16, 22, 11, 3, 43, -1], [-4, 21, 19, 5, -4], [-1, 28, 10, 25, 39, -1]], [75, 75, 50, 50, 75, 75, 75, 75], [9, 11, 4, 6, 7, 12, 10, 8])
 [226.88, 225.01, 203.53, 201.55]

20:
 ((2, 32, 18, 13, 14, 16, 9, 1, 43, 28, 40, 15, 34, 3, 10, 29, 27, 38, 41, 35, 33, 30, 37, 26, 25, 21, 36, 20, 31, 8, 5, 19, 12, 17, 23, 45, 11, 6, 42, 44, 22, 39, 7, 4, 24), 216.24, [[-3, 2, 32, -3], [0, 18, 13, 14, 0], [-3, 16, -3], [-1, 9, 1, 43, 28, 40, -1], [-1, 15, 34, 3, 10, 29, 27, 38, 41, 35, 33, -1], [-3, 30, 37, 26, 25, 21, 36, 20, 31, 8, -3], [-1, 5, 19, 12, 17, 23, 45, 11, -1], [-2, 6, -2], [-3, 42, 44, 22, 39, 7, 4, 24, -3]], [50, 75, 40, 75, 75, 75, 40, 40, 75], [8, 11, 5, 13, 12, 11, 7, 6, 2])
 [246.32, 230.3, 229.36, 217.48, 216.24]

