1:
 ((2, 1, 5, 4, 7, 6, 8, 3), 37.07, [[0, 2, 1, 5, 4, 7, 6, 8, 0], [0, 3, 0]], [50, 75], [6, 0])
 [64.47, 51.54, 51.09, 53.09, 37.07, 44.02, 53.45, 51.74, 56.28, 48.31, 53.76, 48.98, 59.87, 54.55, 63.14, 65.41, 64.59, 54.75, 49.11, 41.91, 46.02, 47.55, 57.54, 55.75, 57.34, 50.54, 48.73, 51.09, 39.88, 44.02, 62.92, 59.57, 53.76, 48.98, 54.55, 49.21, 49.11, 44.72, 46.02, 47.55, 52.82, 51.54, 51.09, 37.07, 51.54, 51.09, 53.09, 37.07, 44.02, 41.8, 53.76, 48.98, 53.84, 49.11, 47.11, 57.34, 50.54, 51.09, 39.88, 50.54, 51.54, 53.09, 39.88, 44.02, 41.8, 48.73, 37.07, 57.34, 52.82, 51.54, 51.09, 53.81, 44.02, 44.72, 46.02, 57.34, 51.54, 51.09, 39.88, 50.54, 48.73, 39.88]

2:
 ((6, 1, 8, 2, 4, 5, 3, 7), 35.12, [[-1, 6, 1, 8, 2, 4, 5, 3, 7, -1]], [75], [2])
 [35.13, 47.32, 51.87, 50.42, 52.75, 36.97, 53.14, 38.63, 49.68, 61.59, 60.03, 50.55, 41.06, 44.39, 37.98, 49.11, 47.92, 45.72, 54.16, 53.76, 35.12, 43.94, 41.91, 51.91, 48.32, 35.13, 55.21, 52.75, 36.97, 37.58, 46.25, 50.55, 41.06, 37.98, 65.03, 47.92, 45.72, 35.12, 39.33, 41.91, 48.32, 35.13, 38.63, 51.64, 44.81, 41.06, 37.98, 35.17, 35.12, 49.85, 50.42, 52.75, 47.08, 49.6, 45.97, 38.63, 52.7, 49.11, 47.92, 45.72, 39.44, 42.83, 41.91, 35.13, 36.97, 37.58, 37.98, 35.17, 35.12, 36.97, 38.63, 37.98, 43.94, 35.13, 36.33, 35.17, 35.12, 35.13, 35.12, 35.13, 39.44]

3:
 ((6, 5, 3, 7, 4, 8, 2, 1), 35.2, [[-1, 6, 5, 3, 7, 4, 8, 2, 1, -1]], [75], [2])
 [35.11, 49.72, 38.88, 41.95, 54.62, 45.57, 45.78, 47.18, 40.54, 46.21, 46.42, 43.5, 46.3, 47.54, 50.36, 35.2, 36.84, 40.72, 57.9, 47.87, 58.02, 35.67, 41.95, 41.74, 47.71, 35.11, 49.72, 47.54, 50.36, 35.2, 36.84, 35.67, 41.74, 43.99, 47.71, 35.11, 38.88, 41.95, 40.27, 40.54, 40.66, 40.2, 50.04, 40.72, 35.67, 41.95, 35.11, 38.88, 36.84, 35.11, 41.95, 40.27, 40.54, 41.92, 43.5, 41.91, 43.15, 36.84, 41.74, 43.99, 35.11, 40.2, 35.2, 35.11, 35.2, 36.84, 35.67, 35.11, 35.2, 36.84, 35.67, 35.11, 35.2, 35.67, 35.11, 35.2, 35.67]

4:
 ((6, 8, 1, 2, 3, 5, 4, 7), 31.64, [[-1, 6, 8, 1, 2, 3, 5, 4, 7, -1]], [75], [0])
 [45.55, 44.71, 52.05, 41.22, 48.22, 41.75, 35.97, 33.6, 47.92, 46.93, 40.81, 33.5, 45.56, 39.25, 39.71, 38.75, 38.76, 37.66, 40.48, 47.45, 31.64, 40.56, 36.88, 41.0, 50.01, 39.33, 44.71, 43.61, 42.42, 44.11, 41.75, 34.77, 33.6, 35.54, 38.05, 37.23, 39.51, 37.56, 38.1, 46.24, 40.48, 31.64, 41.0, 50.01, 38.13, 41.75, 35.97, 35.12, 33.5, 38.75, 37.56, 38.1, 40.48, 31.64, 44.24, 50.01, 38.13, 34.77, 33.6, 31.91, 31.64, 40.56, 38.08, 41.0, 38.13, 34.77, 33.6, 33.5, 31.64, 45.55, 44.71, 41.22, 41.75, 35.97, 35.12, 33.5, 34.77, 33.6, 37.23, 38.75, 37.66, 37.86, 34.22, 36.29, 33.6, 31.91, 31.64, 34.77, 35.12, 33.5, 31.64, 34.77, 33.6, 33.5, 31.91]

5:
 ((6, 5, 3, 1, 2, 4, 7, 8), 34.84, [[-1, 6, 5, -1], [0, 3, 1, 2, 4, 7, 8, 0]], [40, 75], [0, 2])
 [51.53, 63.28, 37.28, 39.37, 49.03, 45.77, 51.87, 57.59, 50.68, 41.03, 51.99, 45.74, 49.58, 55.09, 40.04, 50.25, 45.07, 40.09, 44.67, 49.47, 56.23, 59.34, 49.96, 49.39, 55.48, 54.84, 37.28, 34.4, 40.12, 45.77, 51.87, 55.75, 54.53, 47.95, 45.74, 44.61, 44.56, 41.24, 40.09, 44.67, 43.73, 55.48, 49.39, 55.48, 42.0, 37.28, 34.4, 41.03, 45.74, 52.19, 55.87, 50.25, 45.07, 40.09, 34.84, 51.53, 37.28, 39.37, 41.03, 45.74, 47.67, 41.24, 36.23, 51.53, 47.56, 39.37, 41.24, 40.09, 36.23, 56.21, 54.84, 37.28, 39.37, 40.09, 36.23, 51.53, 54.84, 45.72, 40.12, 42.49, 41.24, 45.07, 40.09, 36.23, 54.84, 37.28, 39.37, 40.09, 36.23, 34.84, 42.0, 37.28, 39.37, 36.23, 34.84]

6:
 ((5, 3, 7, 1, 8, 4, 2, 6), 32.46, [[-1, 5, 3, 7, -1], [-1, 1, 8, 4, 2, 6, -1]], [50, 75], [0, 5])
 [56.92, 45.41, 48.48, 58.3, 57.56, 37.37, 48.16, 51.46, 66.18, 51.8, 53.77, 47.95, 53.45, 46.25, 44.05, 47.38, 66.61, 50.72, 39.24, 58.59, 60.4, 55.31, 53.13, 56.25, 56.92, 45.41, 49.59, 50.58, 57.56, 37.37, 42.43, 39.24, 61.51, 56.3, 58.3, 57.56, 55.5, 37.37, 39.24, 56.92, 57.69, 56.3, 60.55, 53.39, 37.37, 39.24, 56.92, 45.41, 32.46, 56.92, 51.95, 50.58, 48.48, 37.37, 45.0, 37.37, 50.58, 37.37, 37.37, 45.0, 32.46]

7:
 ((1, 3, 5, 4, 8, 6, 2, 7), 33.97, [[-1, 1, 3, 5, 4, 8, 6, 2, 7, -1]], [75], [0])
 [34.34, 44.58, 47.33, 35.69, 39.76, 40.84, 46.34, 45.54, 38.36, 41.34, 45.65, 37.97, 40.23, 42.14, 45.56, 51.44, 35.54, 36.94, 33.85, 46.96, 45.32, 44.9, 47.82, 34.68, 45.71, 41.14, 33.97, 34.34, 42.93, 42.11, 40.84, 40.04, 39.34, 39.82, 51.9, 37.97, 42.14, 45.56, 35.54, 36.94, 33.85, 39.25, 34.68, 45.71, 42.34, 33.97, 34.34, 40.52, 38.95, 39.82, 37.97, 40.23, 39.33, 35.54, 36.94, 33.85, 44.9, 49.02, 34.68, 33.97, 34.34, 35.69, 39.32, 38.36, 37.97, 40.94, 35.54, 45.51, 33.85, 34.68, 33.97, 39.76, 40.52, 47.06, 39.34, 37.97, 35.54, 33.85, 34.68, 41.14, 33.97, 34.34, 35.69, 35.54, 33.85, 33.97, 34.34, 35.69, 40.23, 39.33, 35.54, 35.88, 34.34, 35.54, 33.85, 39.93, 35.88, 33.97, 34.34, 35.69, 35.54, 36.94, 33.85, 34.68, 34.34, 35.69, 35.54, 33.85, 37.21]

8:
 ((6, 1, 8, 2, 7, 3, 4, 5), 39.67, [[-1, 6, 1, 8, 2, 7, 3, 4, 5, -1]], [50], [0])
 [47.58, 54.61, 57.97, 53.77, 50.34, 45.56, 54.93, 55.54, 49.95, 39.67, 48.63, 53.87, 63.69, 57.62, 51.91, 52.98, 53.79, 51.3, 52.75, 67.1, 57.34, 53.39, 51.29, 59.23, 55.02, 54.43, 53.99, 53.39, 47.58, 59.09, 48.8, 42.54, 39.67, 47.79, 49.88, 54.43, 53.99, 53.39, 47.58, 50.34, 42.54, 47.61, 48.45, 39.67, 49.56, 48.61, 51.91, 52.98, 44.45, 52.75, 51.29, 49.88, 52.0, 54.43, 50.97, 53.39, 44.19, 42.54, 39.67, 47.58, 48.8, 45.56, 39.67, 49.67, 42.54, 39.67, 47.58, 45.56, 47.61, 49.95, 39.67, 47.58, 45.56, 39.67, 49.67, 50.34, 42.54, 39.67, 47.58, 42.54, 39.67]

9:
 ((2, 1, 6, 8, 7, 5, 4, 3), 37.55, [[0, 2, 1, 6, 8, 7, 5, 4, 3, 0]], [75], [6])
 [50.81, 40.21, 47.53, 50.25, 45.92, 55.41, 49.84, 51.17, 55.15, 52.53, 53.64, 48.77, 56.62, 56.98, 50.8, 53.62, 41.23, 46.91, 53.34, 53.46, 44.47, 42.99, 46.94, 46.38, 47.25, 65.74, 45.64, 59.59, 50.81, 42.61, 47.53, 43.52, 45.47, 52.42, 52.53, 53.64, 48.77, 56.98, 55.11, 53.62, 41.23, 53.46, 44.47, 42.99, 52.66, 46.38, 47.25, 46.77, 59.59, 50.81, 45.42, 46.18, 49.84, 51.17, 52.53, 53.64, 48.77, 50.8, 41.34, 42.99, 46.38, 46.77, 50.81, 45.42, 37.55, 45.42, 43.52, 45.47, 48.79, 49.9, 50.8, 51.16, 46.91, 46.38, 47.25, 45.64, 50.81, 45.42, 45.19, 41.23, 45.42, 46.18, 37.55, 45.42, 37.55, 50.81, 45.42, 37.55, 50.81, 45.42, 37.55]

10:
 ((8, 4, 7, 3, 1, 5, 2, 6), 35.9, [[0, 8, 4, 7, 3, 0], [-1, 1, 5, 2, 6, -1]], [40, 75], [6, 0])
 [59.35, 47.92, 49.33, 47.02, 47.28, 47.33, 64.85, 37.26, 46.56, 44.31, 54.62, 47.99, 54.86, 52.54, 53.59, 55.01, 53.78, 35.9, 63.81, 62.71, 56.94, 46.78, 56.33, 56.69, 48.2, 57.17, 49.95, 59.74, 47.92, 47.02, 53.22, 56.96, 41.55, 40.54, 40.84, 44.31, 52.54, 52.27, 55.01, 62.35, 35.9, 60.0, 62.71, 56.94, 52.27, 51.11, 53.69, 49.95, 54.25, 54.17, 49.33, 47.02, 47.28, 47.33, 37.26, 35.9, 54.25, 54.17, 53.64, 49.42, 47.28, 47.33, 41.55, 40.84, 38.82, 35.9, 54.25, 47.92, 47.28, 41.55, 40.54, 40.51, 49.42, 49.68, 47.33, 41.55, 40.54, 40.84, 40.51, 47.92, 47.28, 47.33, 37.7, 35.9, 47.92, 47.02, 41.55, 40.54, 40.84, 40.51, 47.92, 47.02, 47.28, 47.33, 37.26, 52.23, 47.02, 47.28, 41.55, 40.84, 40.51]

11:
 ((6, 5, 7, 1, 8, 4, 2, 3), 39.56, [[-1, 6, 5, 7, -1], [-1, 1, 8, 4, 2, 3, -1]], [50, 75], [0, 5])
 [58.67, 44.71, 57.91, 40.54, 55.56, 49.62, 54.64, 61.81, 42.69, 47.28, 52.06, 39.56, 45.45, 54.17, 45.25, 41.48, 44.7, 47.55, 44.88, 50.29, 49.9, 52.09, 55.63, 44.14, 53.07, 58.67, 44.71, 40.54, 42.69, 47.28, 52.06, 44.47, 45.45, 45.25, 41.48, 45.83, 52.53, 44.88, 56.75, 53.07, 59.11, 55.1, 40.54, 44.47, 45.45, 50.51, 44.7, 52.53, 57.49, 50.73, 49.22, 44.71, 40.54, 45.25, 42.61, 44.7, 53.66, 47.55, 44.88, 44.14, 59.11, 44.71, 42.69, 45.25, 41.48, 47.55, 44.88, 44.14, 44.71, 42.69, 39.56, 59.11, 44.71, 40.54, 41.48, 59.11, 44.71, 40.54, 40.54, 41.85, 41.48, 59.11, 55.1, 47.98, 40.54, 42.69, 42.61, 44.7, 44.14]

12:
 ((5, 3, 6, 8, 7, 4, 2, 1), 36.55, [[-1, 5, 3, 6, 8, 7, 4, 2, 1, -1]], [75], [2])
 [46.25, 40.91, 49.68, 42.71, 44.74, 53.44, 43.18, 47.27, 42.29, 36.66, 36.64, 42.77, 55.93, 46.11, 38.31, 47.66, 51.47, 44.02, 37.38, 50.47, 39.63, 36.55, 42.18, 53.83, 37.75, 39.72, 47.04, 37.8, 51.96, 52.12, 42.29, 36.66, 36.64, 38.31, 47.66, 55.2, 37.38, 39.63, 38.81, 39.72, 47.04, 46.25, 39.27, 51.56, 51.96, 48.36, 47.27, 42.29, 36.66, 36.64, 38.31, 37.38, 36.55, 44.74, 47.27, 48.51, 36.66, 36.64, 40.39, 38.31, 37.38, 39.63, 36.55, 38.81, 40.91, 42.71, 44.74, 42.29, 36.66, 36.64, 37.38, 36.55, 38.81, 39.72, 42.29, 36.64, 40.39, 38.31, 37.38, 36.55, 42.71, 43.18, 42.29, 36.66, 36.64, 39.63, 36.55, 43.39, 42.71, 43.18, 42.29, 36.64, 36.55, 46.25, 40.91, 36.64, 37.38, 36.55, 40.91, 36.64, 37.38]

13:
 ((6, 5, 3, 7, 4, 1, 2, 8), 38.4, [[-1, 6, 5, -1], [0, 3, 7, 4, 1, 2, 8, 0]], [40, 40], [0, 2])
 [40.38, 41.31, 41.23, 54.36, 47.74, 59.96, 45.67, 42.37, 46.59, 61.83, 47.46, 44.73, 55.39, 43.37, 40.85, 51.76, 42.55, 49.09, 48.02, 61.41, 49.93, 42.23, 47.37, 54.34, 46.37, 56.76, 45.39, 45.09, 41.31, 41.23, 39.58, 46.77, 47.46, 44.19, 38.4, 38.73, 54.17, 54.34, 54.0, 46.83, 45.39, 41.23, 47.74, 45.67, 42.37, 39.58, 43.93, 47.46, 44.73, 38.4, 42.23, 54.17, 54.34, 54.0, 46.83, 45.39, 40.38, 44.73, 44.19, 43.37, 40.85, 42.55, 38.73, 42.23, 45.09, 41.31, 45.67, 42.37, 44.73, 44.19, 43.37, 42.55, 38.73, 46.83, 45.39, 52.15, 50.42, 47.04, 47.74, 45.67, 42.37, 44.73, 38.4, 42.37, 39.58, 41.79, 38.73, 40.38, 38.4, 45.09, 45.76, 45.67, 42.37, 39.58, 42.55, 38.73, 40.38, 41.31, 41.23, 42.37, 39.58, 38.73]

14:
 ((6, 1, 3, 2, 4, 7, 5, 8), 34.99, [[-1, 6, -1], [-1, 1, -1], [0, 3, 2, 4, 7, 5, 8, 0]], [40, 40, 75], [0, 0, 7])
 [37.88, 41.29, 35.58, 61.03, 40.26, 42.23, 53.78, 39.0, 45.9, 49.87, 51.6, 62.75, 56.42, 48.04, 52.82, 40.49, 38.98, 54.48, 45.4, 52.08, 46.56, 57.64, 46.78, 38.68, 42.06, 37.88, 41.29, 51.87, 35.58, 39.0, 43.43, 51.09, 54.31, 55.2, 48.04, 44.38, 38.98, 40.2, 46.56, 38.34, 38.68, 42.06, 37.88, 41.29, 37.15, 47.44, 43.43, 49.87, 51.6, 50.29, 43.99, 46.6, 38.98, 40.2, 38.34, 46.79, 38.68, 37.88, 37.15, 38.16, 38.34, 38.68, 42.06, 37.88, 35.58, 47.87, 42.23, 40.2, 42.84, 38.34, 38.68, 37.88, 35.58, 52.28, 50.18, 41.76, 41.8, 40.26, 39.0, 40.18, 38.16, 40.2, 38.68, 42.06, 41.29, 35.58, 34.99, 41.29, 41.76, 40.26, 40.18, 38.16, 38.98, 38.34, 38.24, 41.29, 41.76, 37.25, 39.0, 40.18, 38.16, 38.34, 35.43]

15:
 ((1, 8, 3, 7, 5, 4, 2, 6), 35.66, [[-1, 1, 8, 3, 7, 5, 4, 2, 6, -1]], [75], [0])
 [46.58, 50.64, 50.82, 58.7, 63.7, 48.57, 46.48, 41.3, 52.87, 48.19, 57.33, 53.48, 43.43, 58.35, 54.81, 47.15, 49.07, 49.77, 47.61, 46.96, 42.8, 54.05, 54.54, 46.35, 49.49, 46.58, 50.64, 49.12, 50.82, 58.7, 48.57, 46.48, 41.3, 41.82, 48.19, 55.64, 53.48, 43.43, 42.24, 49.07, 49.77, 47.61, 46.96, 42.8, 35.66, 46.58, 42.58, 37.54, 41.82, 43.43, 47.15, 49.77, 47.61, 46.96, 47.47, 55.16, 35.66, 46.58, 42.58, 41.3, 41.82, 47.15, 49.77, 50.11, 50.0, 42.36, 35.66, 46.58, 50.64, 42.58, 37.54, 35.66, 46.58, 41.3, 49.07, 49.77, 50.11, 46.96, 42.8, 42.82, 42.58, 41.3, 41.82, 42.24, 35.66, 46.58, 42.58, 41.3, 46.58, 42.58, 41.3, 37.54, 46.58, 42.58, 42.8]

16:
 ((2, 1, 3, 6, 8, 4, 5, 7), 34.75, [[0, 2, 1, 3, 6, 8, 4, 5, 7, 0]], [75], [6])
 [44.68, 46.51, 41.84, 50.23, 55.73, 42.37, 53.81, 46.76, 47.0, 54.79, 43.01, 45.73, 43.87, 48.5, 44.02, 62.59, 51.55, 50.47, 52.18, 55.89, 50.13, 57.87, 46.59, 53.7, 46.68, 65.76, 34.75, 50.47, 52.18, 55.89, 50.13, 57.87, 46.59, 55.83, 34.75, 38.6, 42.37, 46.71, 43.01, 45.73, 34.86, 44.68, 46.51, 38.6, 46.71, 47.0, 43.01, 34.86, 34.75, 44.02, 40.54, 34.75, 34.86, 44.68, 46.51, 38.6, 34.75, 34.75, 44.68, 38.6]

17:
 ((7, 5, 1, 8, 6, 3, 2, 4), 35.08, [[-1, 7, 5, 1, 8, 6, -1], [0, 3, 2, 4, 0]], [75, 75], [1, 6])
 [47.5, 51.63, 41.62, 61.52, 42.25, 55.99, 50.34, 39.01, 56.6, 46.08, 51.94, 53.04, 48.22, 49.87, 60.35, 50.65, 47.66, 57.56, 37.22, 36.28, 46.98, 50.23, 35.84, 53.46, 48.56, 49.62, 43.41, 47.5, 41.62, 52.95, 41.05, 50.65, 47.66, 37.22, 35.08, 35.84, 42.53, 51.63, 42.82, 41.05, 50.34, 48.2, 46.08, 48.22, 49.35, 47.66, 37.22, 35.08, 35.84, 44.61, 47.5, 41.62, 41.05, 46.08, 48.62, 57.71, 48.22, 50.31, 50.65, 47.66, 43.75, 35.08, 35.84, 43.41, 47.06, 42.82, 41.05, 36.89, 37.22, 35.08, 47.06, 46.94, 42.82, 45.64, 48.22, 49.35, 47.66, 43.75, 35.84, 47.5, 41.62, 41.05, 37.22, 35.08, 42.53, 41.62, 41.05, 37.22, 37.04, 47.06, 41.62, 41.05, 39.01, 37.22, 35.08, 35.84, 47.5, 41.62, 41.05, 37.22, 37.04]

18:
 ((1, 3, 4, 2, 8, 6, 7, 5), 36.66, [[-1, 1, 3, 4, 2, 8, 6, 7, 5, -1]], [75], [1])
 [38.35, 46.39, 47.35, 51.29, 37.91, 42.61, 48.53, 38.64, 43.48, 41.44, 62.35, 55.05, 60.11, 36.66, 44.36, 52.8, 50.34, 45.77, 62.04, 38.65, 38.94, 46.63, 58.59, 38.35, 48.6, 46.66, 37.91, 49.25, 52.59, 52.05, 47.27, 39.35, 36.66, 52.8, 53.83, 45.77, 38.65, 37.47, 38.35, 37.91, 43.97, 42.61, 48.53, 38.64, 39.35, 36.66, 38.65, 37.47, 38.35, 37.91, 43.97, 42.61, 38.64, 44.36, 45.77, 38.65, 37.47, 38.35, 42.61, 38.64, 39.35, 36.66, 43.97, 42.61, 43.48, 41.44, 36.66, 37.47, 42.61, 41.44, 36.66, 38.65, 37.47, 48.96, 46.39, 46.66, 37.91, 37.91, 38.64, 38.65, 38.94, 38.35, 38.94]

19:
 ((1, 5, 2, 3, 7, 4, 8, 6), 33.36, [[-1, 1, 5, 2, 3, 7, 4, 8, 6, -1]], [50], [0])
 [54.39, 49.86, 52.34, 50.74, 50.13, 44.69, 62.34, 56.18, 53.79, 47.02, 56.7, 47.55, 46.41, 49.65, 42.24, 55.85, 39.68, 54.89, 44.98, 52.13, 41.63, 41.39, 44.95, 45.71, 62.04, 46.6, 41.57, 54.39, 60.41, 50.74, 50.13, 50.41, 39.49, 47.02, 46.77, 52.13, 33.36, 40.68, 39.16, 47.6, 47.52, 41.63, 35.67, 45.71, 46.6, 41.57, 64.26, 50.74, 50.13, 50.41, 47.02, 46.77, 46.41, 33.36, 39.16, 47.6, 41.63, 41.39, 44.95, 45.71, 41.57, 50.74, 50.13, 44.69, 39.49, 34.56, 35.67, 49.86, 52.34, 50.74, 50.41, 56.18, 39.49, 33.36, 50.13, 50.41, 39.49, 33.36, 53.63, 50.74, 50.13, 44.69, 39.49, 42.96, 33.36, 50.41, 39.49, 33.36, 49.86, 50.13, 44.69, 39.49, 33.36, 49.86, 44.69, 39.16, 35.67]

20:
 ((7, 8, 4, 5, 1, 6, 3, 2), 35.41, [[-1, 7, 8, 4, 5, 1, 6, -1], [0, 3, 2, 0]], [75, 75], [6, 2])
 [40.12, 44.73, 55.76, 48.71, 45.95, 42.11, 54.01, 45.92, 54.63, 47.54, 55.99, 44.4, 50.0, 44.74, 51.7, 47.97, 53.89, 49.55, 36.52, 56.7, 50.4, 35.41, 48.47, 47.48, 65.55, 40.12, 44.73, 55.89, 48.71, 45.95, 42.11, 47.54, 44.87, 48.31, 46.41, 47.97, 49.55, 61.36, 43.06, 41.3, 42.13, 40.12, 42.11, 42.63, 44.87, 36.52, 36.61, 42.13, 40.12, 42.11, 45.92, 47.54, 44.87, 45.65, 44.74, 43.06, 35.41, 40.12, 42.11, 48.31, 44.74, 36.52, 35.41, 41.81, 42.11, 37.72, 39.66, 40.12, 41.81, 42.11, 37.72, 35.41, 41.81, 44.4, 36.52, 35.41, 40.12, 36.52]

