1:
 ((6, 8, 1, 5, 4, 2, 3, 7), 30.99, [[-1, 6, 8, 1, 5, 4, 2, 3, 7, -1]], [75], [0])
 [48.67, 46.5, 55.8, 48.74, 48.64, 52.12, 49.65, 53.69, 53.33, 60.33, 51.59, 38.07, 46.29, 37.6, 48.67, 30.99, 53.25, 54.91, 55.98, 40.53, 46.16, 61.41, 54.87, 43.98, 54.7, 47.94, 47.02, 44.22, 46.11, 43.27, 48.64, 52.12, 49.65, 41.26, 45.44, 38.07, 37.6, 30.99, 44.22, 48.67, 46.5, 43.27, 44.33, 41.26, 45.44, 38.07, 37.6, 30.99, 44.22, 46.5, 51.49, 43.27, 41.26, 38.07, 37.6, 30.99, 44.22, 41.9, 30.99, 44.22, 43.27, 41.26, 41.9, 37.6, 30.99, 44.22, 46.5, 43.27, 45.44, 38.07, 37.21, 50.47, 48.67, 46.5, 43.27, 41.26, 38.07, 33.43, 44.22, 43.27, 38.07, 37.6, 37.21, 50.47, 46.5, 44.33, 38.07, 37.6, 30.99]

2:
 ((6, 1, 5, 3, 2, 4, 7, 8), 32.59, [[-1, 6, 1, 5, -1], [0, 3, 2, 4, 7, 8, 0]], [75, 75], [0, 8])
 [42.81, 48.28, 48.18, 40.67, 47.45, 35.39, 43.68, 54.53, 52.79, 38.76, 61.53, 41.83, 55.4, 52.96, 50.15, 60.73, 59.4, 52.32, 49.97, 48.46, 47.52, 49.02, 59.12, 53.91, 58.87, 47.61, 54.01, 39.39, 40.67, 35.39, 43.68, 38.31, 41.83, 45.67, 37.73, 53.91, 53.38, 47.61, 54.01, 39.39, 35.39, 47.92, 47.22, 42.81, 39.39, 32.59, 49.89, 48.18, 48.56, 47.45, 43.68, 39.98, 37.73, 39.39, 32.59, 42.81, 39.39, 40.67, 35.39, 32.59, 42.81, 38.76, 37.73, 42.81, 48.18, 40.67, 35.39, 32.59, 42.81, 39.39, 38.31, 37.73]

3:
 ((5, 7, 3, 4, 8, 6, 2, 1), 33.28, [[-1, 5, 7, 3, 4, 8, 6, 2, 1, -1]], [75], [2])
 [48.79, 46.48, 45.64, 44.05, 41.48, 44.35, 40.45, 50.63, 45.42, 43.44, 52.06, 45.38, 56.66, 54.07, 48.99, 57.18, 39.94, 44.17, 49.14, 46.83, 48.9, 53.46, 46.39, 48.58, 51.83, 39.93, 48.79, 46.48, 51.19, 44.05, 47.7, 44.35, 40.45, 43.44, 45.38, 48.55, 57.18, 33.28, 48.79, 46.48, 45.64, 44.05, 41.48, 44.35, 40.45, 45.42, 43.44, 45.38, 57.18, 33.28, 46.66, 46.83, 48.9, 39.73, 43.18, 46.48, 45.64, 44.05, 41.48, 40.45, 33.28, 46.48, 41.48, 40.45, 43.44, 33.28, 48.79, 46.48, 45.64, 41.48, 44.35, 40.45, 48.99, 33.28, 46.48, 45.64, 44.05, 41.48, 40.45, 39.94, 39.73, 46.48, 45.64, 41.48, 40.45, 39.94, 39.73, 46.48, 45.64, 44.35, 40.45, 39.94, 39.73, 46.48, 45.64, 44.35, 40.45, 33.28]

4:
 ((7, 3, 5, 4, 8, 6, 1, 2), 34.71, [[-1, 7, 3, 5, 4, 8, 6, -1], [-1, 1, 2, -1]], [50, 75], [1, 0])
 [40.1, 41.23, 52.21, 49.61, 47.64, 54.21, 40.46, 44.18, 42.51, 51.32, 44.2, 46.73, 41.65, 52.53, 43.7, 42.09, 50.23, 39.56, 52.55, 37.55, 36.89, 43.21, 49.76, 53.93, 54.67, 50.15, 35.15, 47.79, 41.23, 42.51, 42.48, 41.65, 43.7, 40.49, 39.56, 37.33, 35.15, 40.1, 47.87, 54.4, 60.38, 47.64, 44.1, 42.14, 40.71, 55.25, 47.37, 45.74, 40.49, 50.23, 48.74, 37.55, 36.89, 41.61, 34.71, 41.35, 42.14, 42.51, 40.71, 47.37, 43.7, 40.49, 37.55, 37.33, 41.61, 34.71, 40.1, 41.12, 40.46, 40.71, 40.49, 39.56, 37.55, 37.33, 35.15, 40.1, 42.48, 41.65, 40.49, 37.55, 37.33, 34.71, 41.35, 41.23, 44.2, 41.65, 42.22, 36.89, 35.15, 41.65, 40.49, 39.56, 37.33, 34.71, 40.46, 40.49, 39.56, 37.55, 37.33, 35.15, 41.35, 42.48, 41.65, 39.56, 37.55, 37.33, 34.71]

5:
 ((5, 7, 4, 8, 1, 3, 2, 6), 27.76, [[-1, 5, 7, 4, 8, 1, 3, 2, 6, -1]], [75], [3])
 [43.97, 49.37, 58.19, 41.03, 52.91, 45.18, 34.73, 38.29, 44.03, 44.31, 45.88, 37.12, 40.16, 38.32, 39.19, 38.71, 55.37, 27.76, 49.53, 47.22, 48.49, 52.72, 67.15, 37.76, 47.03, 48.1, 29.48, 46.13, 41.03, 34.73, 44.03, 44.31, 37.56, 38.32, 38.71, 27.76, 29.48, 46.13, 41.03, 34.73, 44.03, 44.31, 37.56, 38.32, 39.19, 27.76, 29.48, 43.97, 41.03, 34.73, 36.3, 39.19, 38.71, 27.76, 46.13, 48.26, 41.03, 43.17, 44.03, 44.31, 36.3, 38.32, 39.19, 38.71, 38.01, 32.6, 29.48, 43.97, 41.03, 34.73, 38.29, 36.3, 38.71, 38.01, 32.6, 29.48, 43.97, 41.03, 38.29, 38.32, 38.71, 38.01, 32.6, 29.48, 34.73, 32.6, 29.48, 36.12, 34.73, 27.76, 43.97, 41.03, 34.73, 27.76]

6:
 ((2, 5, 1, 3, 6, 8, 4, 7), 33.83, [[0, 2, 5, 1, 3, 0], [-1, 6, 8, 4, 7, -1]], [75, 75], [6, 3])
 [58.81, 41.03, 48.29, 54.81, 49.01, 51.62, 49.09, 47.8, 49.94, 52.12, 69.21, 62.18, 45.36, 54.89, 46.17, 51.79, 33.83, 47.61, 66.67, 58.8, 55.0, 49.48, 44.72, 42.55, 56.77, 54.31, 58.81, 48.19, 48.29, 46.53, 54.81, 49.01, 49.09, 48.03, 52.12, 59.1, 62.18, 45.36, 44.78, 46.17, 51.79, 33.83, 44.72, 42.55, 54.52, 41.03, 49.09, 47.8, 48.03, 38.67, 49.18, 47.61, 44.72, 58.81, 48.19, 47.85, 54.81, 49.01, 49.09, 47.8, 48.03, 45.36, 44.78, 47.35, 41.68, 33.83, 54.31, 48.19, 47.85, 49.01, 49.09, 47.8, 48.03, 37.47, 33.83, 58.81, 48.19, 47.85, 46.53, 48.03, 45.36, 44.87, 41.68, 33.83, 58.81, 48.19, 48.29, 46.53, 42.57, 41.24, 58.81, 40.3, 33.83, 58.81, 40.3, 54.96, 40.3, 38.67, 33.83]

7:
 ((2, 8, 4, 6, 1, 3, 5, 7), 40.85, [[0, 2, 8, 4, 6, 1, 3, 0], [-1, 5, 7, -1]], [75, 75], [11, 0])
 [59.17, 45.94, 50.05, 46.79, 55.42, 59.91, 53.46, 56.02, 46.32, 50.1, 56.76, 50.64, 57.21, 48.31, 48.38, 57.31, 53.38, 49.58, 47.54, 43.28, 53.2, 48.45, 43.4, 52.63, 51.76, 54.36, 45.94, 50.8, 46.79, 55.42, 42.69, 48.31, 50.33, 44.49, 56.72, 56.72, 42.65, 43.4, 48.31, 45.94, 44.16, 46.79, 55.42, 42.69, 40.85, 50.89, 50.64, 54.66, 50.33, 44.49, 44.19, 48.45, 43.4, 48.31, 45.94, 50.05, 46.79, 44.52, 40.85, 44.49, 43.28, 51.66, 50.05, 46.79, 42.69, 40.85, 44.11, 42.65, 48.31, 45.94, 46.79, 46.69, 40.85, 48.31, 45.94, 44.16, 40.85, 45.94, 44.16, 46.79, 44.52, 44.49, 42.65, 43.4, 56.23, 51.66, 50.68, 46.79, 47.89, 40.85, 54.42, 50.68, 46.79, 47.89, 46.32, 44.19, 43.4]

8:
 ((5, 4, 2, 6, 8, 1, 3, 7), 31.44, [[-1, 5, 4, 2, 6, 8, 1, 3, 7, -1]], [75], [7])
 [35.3, 49.11, 45.23, 44.26, 41.74, 46.11, 42.13, 36.4, 31.44, 46.57, 40.06, 38.14, 46.59, 48.78, 54.31, 45.1, 42.35, 38.87, 42.02, 43.67, 33.66, 35.68, 42.99, 49.81, 42.93, 38.93, 34.58, 35.3, 46.11, 42.13, 44.38, 51.42, 31.44, 40.06, 38.14, 34.49, 43.67, 42.1, 35.68, 34.58, 36.4, 31.44, 33.4, 38.14, 34.99, 49.62, 43.67, 35.68, 34.58, 35.3, 45.23, 43.06, 41.74, 44.38, 36.4, 31.44, 34.58, 35.3, 36.4, 31.44, 38.14, 34.49, 33.66, 35.3, 36.4, 31.44, 33.4, 35.68, 34.58, 43.74, 43.06, 45.55, 44.38, 36.4, 31.44, 35.3, 36.4, 31.44, 34.99, 42.99, 42.93, 38.93, 34.58, 33.66, 34.58, 31.44]

9:
 ((2, 3, 5, 4, 8, 1, 7, 6), 38.81, [[0, 2, 3, 5, 4, 8, 1, 7, 0], [-1, 6, -1]], [50, 40], [6, 0])
 [50.05, 54.79, 53.85, 49.96, 54.49, 51.13, 49.03, 48.26, 53.49, 55.39, 60.0, 38.81, 43.74, 61.26, 46.54, 49.12, 54.58, 42.6, 58.48, 60.91, 40.56, 53.11, 68.32, 49.75, 46.58, 52.7, 52.09, 48.45, 49.96, 49.59, 48.26, 53.49, 61.11, 60.0, 38.81, 43.74, 42.6, 45.82, 40.56, 50.05, 49.96, 49.59, 44.5, 49.58, 43.74, 42.6, 40.56, 50.05, 48.45, 53.85, 49.96, 49.59, 48.26, 55.39, 49.58, 43.74, 46.54, 49.12, 42.6, 40.56, 42.46, 46.58, 50.05, 48.45, 53.85, 49.96, 51.13, 49.59, 48.26, 49.58, 43.74, 42.6, 40.56, 50.05, 53.85, 49.96, 51.13, 49.59, 48.26, 49.58, 43.74, 40.56, 50.05, 49.96, 54.49, 45.83, 49.03, 48.26, 38.81, 50.05, 48.45, 48.26, 42.3, 40.56, 46.58, 52.09, 48.45, 49.59, 48.26, 43.74, 42.6, 40.56, 50.05, 48.45, 49.03, 44.5, 38.81]

10:
 ((7, 8, 6, 2, 1, 3, 4, 5), 36.62, [[-1, 7, 8, 6, 2, 1, 3, 4, 5, -1]], [75], [5])
 [43.06, 43.25, 47.97, 52.3, 50.56, 45.59, 36.95, 54.69, 46.93, 43.99, 49.38, 48.16, 53.04, 55.22, 66.67, 58.8, 66.85, 42.84, 50.62, 40.86, 36.62, 40.67, 57.5, 49.62, 43.06, 43.25, 41.69, 47.32, 56.2, 47.56, 41.21, 43.99, 49.38, 48.16, 48.16, 40.27, 40.86, 36.62, 43.06, 43.25, 41.21, 49.38, 48.6, 48.16, 40.27, 42.84, 38.69, 40.86, 47.23, 51.28, 52.67, 43.06, 43.25, 41.69, 45.59, 47.56, 41.78, 43.99, 42.84, 40.27, 38.69, 40.86, 36.62, 43.06, 43.25, 47.32, 45.59, 42.41, 42.84, 44.46, 42.84, 38.69, 36.62, 43.06, 43.25, 41.69, 36.95, 43.06, 43.25, 41.69, 41.21, 38.69, 36.62, 43.06, 42.81, 41.69, 42.84, 42.84, 38.69, 43.06, 43.25, 41.69, 41.21, 42.84, 38.69, 36.62, 43.06, 41.69, 36.95]

11:
 ((5, 2, 1, 6, 8, 4, 7, 3), 41.83, [[-1, 5, 2, 1, -1], [-1, 6, 8, 4, 7, 3, -1]], [40, 75], [3, 3])
 [51.94, 51.77, 49.97, 49.96, 61.84, 60.14, 52.44, 66.52, 52.42, 51.89, 43.1, 54.52, 51.94, 59.35, 51.05, 53.58, 57.91, 55.94, 67.88, 56.58, 51.65, 41.83, 47.08, 53.78, 56.23, 57.79, 53.71, 51.94, 51.77, 49.97, 43.74, 51.05, 53.58, 55.94, 58.25, 51.65, 42.27, 53.78, 51.57, 49.95, 50.5, 51.94, 51.77, 62.58, 49.96, 48.66, 57.66, 58.18, 48.54, 51.05, 53.58, 57.91, 53.48, 56.58, 51.65, 42.27, 44.79, 42.79, 51.94, 48.3, 48.54, 41.83, 51.94, 51.77, 48.3, 43.74, 43.1, 42.27, 51.94, 49.97, 49.96, 43.1, 42.27, 52.17, 51.77, 48.3, 43.74, 42.27, 51.57, 49.95, 42.79, 51.94, 48.3, 43.74, 43.1, 42.27, 51.94, 51.77, 48.3, 43.74, 43.1, 42.27, 42.79, 51.94, 51.77, 49.97, 43.74, 43.1, 42.27, 44.79]

12:
 ((8, 1, 2, 6, 3, 5, 4, 7), 37.72, [[0, 8, 1, 2, 6, 3, 5, 4, 7, 0]], [75], [1])
 [41.68, 44.92, 53.49, 46.39, 50.41, 38.4, 49.55, 51.29, 47.85, 51.14, 46.92, 45.85, 44.66, 50.76, 44.33, 46.34, 44.27, 52.93, 58.67, 45.84, 61.25, 52.77, 55.46, 45.38, 53.67, 39.63, 41.68, 40.05, 38.4, 46.92, 45.85, 50.38, 50.76, 44.33, 45.14, 46.36, 52.93, 53.13, 51.32, 55.46, 39.05, 39.63, 41.68, 37.72, 45.85, 44.66, 50.76, 44.33, 45.14, 44.27, 42.58, 39.63, 41.68, 44.92, 51.96, 38.4, 44.27, 45.84, 45.38, 41.24, 37.72, 41.68, 44.92, 46.39, 37.72, 41.68, 40.05, 37.72, 39.61, 41.24, 44.92, 46.53, 45.62, 37.72, 39.63, 41.68, 44.92, 39.47, 37.72, 41.68, 40.05, 38.4]

13:
 ((3, 7, 4, 5, 6, 2, 1, 8), 36.27, [[0, 3, 7, 4, 5, 6, 2, 1, 8, 0]], [75], [1])
 [36.27, 51.98, 50.25, 48.73, 53.41, 54.18, 50.07, 57.91, 55.73, 54.62, 51.56, 58.92, 55.9, 52.91, 53.09, 50.45, 44.17, 53.13, 45.93, 52.41, 54.62, 52.29, 48.26, 57.44, 51.88, 56.24, 53.99, 57.98, 36.27, 58.92, 45.97, 50.45, 44.17, 45.93, 54.62, 52.29, 48.26, 48.26, 49.28, 36.27, 51.56, 45.97, 44.17, 45.93, 51.14, 48.26, 49.28, 36.27, 36.27, 44.17, 36.27, 36.27, 36.27, 36.27, 36.27]

14:
 ((1, 6, 5, 3, 7, 8, 4, 2), 35.61, [[-1, 1, 6, -1], [-1, 5, 3, 7, 8, 4, 2, -1]], [50, 75], [0, 5])
 [52.12, 54.26, 47.96, 48.75, 57.7, 49.98, 55.37, 54.87, 45.08, 51.62, 49.99, 44.99, 57.93, 57.48, 37.8, 48.57, 51.23, 53.25, 48.78, 46.72, 44.69, 47.43, 41.29, 52.12, 54.26, 49.19, 49.35, 59.69, 51.62, 49.99, 44.99, 37.36, 53.28, 48.57, 42.61, 49.22, 46.72, 56.28, 47.35, 47.43, 40.85, 44.76, 52.12, 54.26, 47.96, 51.41, 50.42, 51.62, 49.99, 43.5, 47.23, 43.52, 48.13, 51.23, 49.22, 46.72, 47.35, 46.99, 41.29, 45.3, 44.99, 37.8, 42.61, 46.72, 47.35, 41.29, 44.32, 52.12, 54.26, 47.52, 50.42, 54.87, 45.08, 49.99, 44.55, 37.8, 44.76, 52.12, 47.96, 45.08, 48.96, 49.99, 44.55, 37.8, 52.12, 47.52, 47.76, 45.08, 44.99, 37.8, 52.12, 47.96, 48.75, 45.08, 42.33, 37.83, 43.08, 42.61, 52.12, 47.52, 51.41, 47.76, 45.08, 42.33, 35.61]

15:
 ((2, 6, 8, 4, 5, 7, 3, 1), 32.78, [[0, 2, 6, 8, 4, 5, 7, 3, 0], [-1, 1, -1]], [50, 75], [8, 0])
 [44.97, 52.6, 46.8, 51.12, 49.59, 49.69, 43.75, 49.27, 58.51, 49.96, 52.43, 40.18, 50.02, 53.84, 49.23, 46.08, 58.6, 56.73, 53.89, 52.89, 52.45, 37.07, 44.84, 58.27, 44.44, 46.81, 33.97, 49.23, 44.97, 46.8, 49.59, 49.69, 43.75, 50.71, 44.47, 53.37, 44.22, 50.94, 48.17, 52.89, 52.45, 37.07, 56.52, 44.44, 46.81, 45.41, 46.8, 51.12, 49.47, 43.75, 49.27, 54.25, 52.43, 44.47, 48.59, 53.37, 44.22, 37.07, 41.67, 42.52, 44.08, 44.97, 44.22, 43.75, 38.72, 40.18, 32.78, 45.51, 44.16, 44.22, 43.75, 44.47, 48.59, 49.23, 44.22, 48.71, 32.78, 45.41, 44.16, 44.22, 43.75, 38.72, 37.07, 33.97, 44.97, 44.16, 43.75, 46.08, 44.22, 48.17, 32.78, 45.41, 43.75, 38.72, 32.78, 44.97, 44.16, 44.22, 38.72, 37.07, 45.41, 46.8, 44.16, 44.22, 38.72, 37.07]

16:
 ((1, 3, 6, 8, 4, 2, 7, 5), 34.44, [[-1, 1, 3, 6, 8, 4, 2, 7, 5, -1]], [75], [0])
 [60.25, 56.54, 37.99, 46.91, 44.92, 46.34, 51.97, 49.92, 47.08, 41.76, 34.44, 41.62, 57.49, 46.43, 45.52, 42.69, 48.2, 62.1, 59.42, 49.09, 52.13, 36.36, 50.26, 51.06, 41.39, 53.93, 45.49, 37.99, 46.34, 51.97, 49.92, 47.08, 41.76, 41.62, 42.69, 49.09, 52.13, 36.36, 41.57, 45.49, 37.99, 41.76, 34.44, 45.49, 37.99, 46.91, 44.48, 41.76, 41.62, 49.09, 36.36, 45.49, 37.99, 41.76, 34.44, 37.99, 34.44, 42.69, 36.36, 45.49, 37.99, 34.44, 45.49, 37.99, 41.76, 34.44, 41.73, 37.99, 34.44, 45.49, 37.99, 36.36]

17:
 ((6, 8, 1, 7, 4, 3, 2, 5), 42.63, [[-1, 6, 8, 1, 7, 4, 3, 2, 5, -1]], [50], [0])
 [57.58, 55.11, 55.28, 67.02, 59.89, 53.42, 58.28, 55.72, 54.72, 53.46, 61.83, 48.71, 56.57, 42.63, 56.38, 48.19, 57.81, 52.0, 67.65, 55.69, 59.34, 56.98, 59.64, 54.94, 54.34, 55.08, 59.48, 57.58, 62.92, 55.28, 59.89, 51.54, 51.59, 48.08, 48.49, 46.77, 59.2, 56.57, 42.63, 59.24, 57.81, 60.06, 55.69, 62.15, 58.7, 59.64, 47.66, 57.58, 55.28, 51.54, 55.83, 46.77, 51.56, 42.63, 56.38, 48.19, 55.08, 57.58, 55.11, 55.62, 53.69, 55.72, 54.72, 48.49, 46.77, 42.63, 57.58, 56.08, 59.38, 59.89, 51.54, 48.49, 46.77, 42.63, 57.58, 55.11, 55.28, 54.92, 51.54, 54.72, 53.46, 49.6, 42.63, 57.58, 55.11, 49.2, 48.4, 48.85, 47.2, 57.58, 55.11, 49.2, 46.77, 48.67, 42.63, 57.58, 55.11, 49.2, 46.77, 42.63, 57.58, 55.11, 55.28, 49.2, 46.77, 48.67, 48.85, 48.19, 44.36]

18:
 ((7, 2, 4, 5, 1, 8, 6, 3), 35.84, [[-1, 7, 2, 4, 5, 1, 8, 6, -1], [0, 3, 0]], [75, 75], [11, 0])
 [46.06, 56.97, 46.63, 45.65, 55.45, 43.76, 50.78, 49.18, 46.64, 50.45, 46.58, 61.45, 58.73, 46.37, 42.88, 44.53, 49.41, 59.71, 58.6, 52.45, 57.86, 52.19, 60.12, 38.11, 57.59, 52.39, 35.84, 41.52, 46.63, 45.65, 55.45, 42.56, 50.78, 47.51, 50.45, 44.91, 48.65, 43.52, 42.51, 57.86, 36.85, 38.11, 35.84, 40.69, 45.65, 42.56, 41.71, 46.37, 50.37, 53.97, 38.11, 55.41, 46.63, 42.56, 44.91, 46.37, 38.11, 35.84, 41.52, 40.69, 43.76, 44.91, 46.37, 48.65, 43.52, 42.51, 38.11, 35.84, 41.52, 40.69, 45.65, 42.56, 46.37, 36.85, 38.11, 35.84, 43.52, 38.11, 40.69, 42.56, 44.91, 46.37, 44.53, 43.52, 36.85, 35.84, 40.69, 38.11, 46.06, 42.56, 38.11, 35.84]

19:
 ((1, 5, 4, 2, 3, 7, 8, 6), 32.58, [[-1, 1, 5, 4, 2, 3, 7, 8, 6, -1]], [75], [1])
 [39.12, 37.38, 36.59, 45.46, 38.55, 33.78, 37.06, 45.2, 42.72, 43.09, 37.8, 41.92, 42.35, 47.67, 50.17, 44.68, 45.32, 38.3, 40.41, 48.18, 36.86, 39.38, 35.61, 37.38, 36.59, 45.46, 35.89, 35.1, 42.72, 43.09, 37.8, 41.61, 42.58, 43.54, 47.71, 46.34, 60.62, 37.38, 37.79, 38.55, 44.43, 37.06, 42.35, 38.3, 42.58, 43.54, 48.33, 39.12, 37.38, 36.59, 38.55, 32.58, 37.38, 37.79, 35.89, 32.58, 37.8, 38.3, 36.86, 35.61, 39.12, 37.38, 36.59, 45.46, 40.52, 37.06, 36.86, 35.61, 39.12, 37.38, 37.79, 33.78, 35.61, 38.58, 37.79, 32.58, 37.38, 36.59, 32.58, 46.83, 46.91, 36.59, 32.58]

20:
 ((7, 2, 1, 8, 4, 3, 6, 5), 41.38, [[-1, 7, 2, 1, 8, 4, 3, 6, -1], [-1, 5, -1]], [50, 75], [7, 0])
 [57.5, 44.04, 71.27, 51.04, 45.84, 51.35, 54.18, 58.58, 43.47, 65.05, 48.15, 51.66, 61.28, 50.16, 53.72, 61.03, 61.65, 54.06, 47.79, 54.42, 45.07, 47.9, 65.02, 55.96, 57.78, 57.5, 44.04, 61.45, 51.04, 44.26, 54.73, 57.77, 53.03, 58.58, 58.19, 48.15, 50.55, 47.66, 53.72, 61.03, 59.15, 54.06, 47.79, 67.19, 54.42, 45.07, 53.91, 44.04, 51.04, 47.23, 53.03, 43.47, 47.66, 47.79, 43.96, 57.5, 44.04, 43.96, 47.9, 57.5, 46.54, 48.8, 47.66, 41.69, 57.5, 44.04, 47.23, 43.47, 41.69, 57.5, 44.04, 43.47, 48.15, 45.07, 53.91, 44.04, 43.96, 53.91, 44.04, 43.47, 57.5, 41.38]

